0.934766 0.027913 0.000210 0.037081 0.000030 
0.837419 0.131369 0.004777 0.026114 0.000321 
0.337685 0.460447 0.076823 0.004612 0.120432 
0.028050 0.858408 0.006629 0.031025 0.075888 
0.005933 0.571998 0.132237 0.146171 0.143661 
0.831678 0.065489 0.039136 0.039330 0.024366 
0.495247 0.283736 0.171469 0.000126 0.049422 
0.218897 0.608536 0.158902 0.007129 0.006536 
0.037507 0.884039 0.026203 0.040777 0.011475 
0.317908 0.543442 0.004265 0.017853 0.116531 
0.060089 0.825186 0.078149 0.015982 0.020593 
0.001872 0.568630 0.291404 0.037896 0.100198 
0.247845 0.567826 0.048070 0.038426 0.097834 
0.005713 0.980352 0.001782 0.009166 0.002988 
0.687112 0.013231 0.067629 0.230578 0.001450 
0.274048 0.250552 0.178868 0.295167 0.001365 
0.858643 0.054813 0.034538 0.006616 0.045390 
0.311204 0.627184 0.040541 0.000210 0.020860 
0.077754 0.921190 0.000851 0.000097 0.000108 
0.284933 0.491061 0.040341 0.000001 0.183665 
0.006804 0.766160 0.086096 0.008272 0.132668 
0.623061 0.323512 0.011277 0.006699 0.035450 
0.069179 0.756116 0.084946 0.007141 0.082618 
0.008716 0.560731 0.260763 0.012678 0.157112 
0.311856 0.422809 0.020696 0.026146 0.218493 
0.280199 0.431660 0.030171 0.023976 0.233994 
0.256118 0.439459 0.038573 0.020173 0.245677 
0.125275 0.562392 0.137337 0.062397 0.112599 
0.041547 0.551805 0.318766 0.075441 0.012442 
0.023401 0.285673 0.495763 0.051117 0.144046 
0.004975 0.138530 0.576208 0.145251 0.135036 
0.084144 0.441398 0.294956 0.030408 0.149094 
0.018273 0.327310 0.510675 0.080769 0.062973 
0.143019 0.703992 0.140127 0.002633 0.010229 
0.053901 0.575645 0.335957 0.001470 0.033027 
0.000021 0.323644 0.572741 0.031239 0.072355 
0.137957 0.588355 0.132292 0.138527 0.002870 
0.039760 0.514451 0.289964 0.145836 0.009990 
0.285995 0.509082 0.024778 0.119238 0.060907 
0.114845 0.560282 0.109367 0.113467 0.102039 
0.011720 0.600889 0.297179 0.011012 0.079201 
0.302433 0.539857 0.026242 0.041359 0.090109 
0.123281 0.597058 0.117115 0.110046 0.052500 
0.032890 0.536008 0.294224 0.122304 0.014575 
0.318998 0.569857 0.003874 0.077474 0.029796 
0.114971 0.729871 0.011341 0.032188 0.111629 
0.033798 0.603931 0.020860 0.332751 0.008660 
0.302120 0.319607 0.040990 0.182603 0.154680 
0.788418 0.070492 0.084748 0.047164 0.009178 
0.549146 0.278721 0.061428 0.030648 0.080057 
0.310731 0.610527 0.011078 0.004091 0.063574 
0.110273 0.672053 0.108588 0.051584 0.057501 
0.075667 0.772781 0.089657 0.018663 0.043231 
0.335565 0.613265 0.004329 0.046705 0.000135 
0.088318 0.745158 0.072466 0.050164 0.043894 
0.267211 0.540644 0.038145 0.137798 0.016201 
0.063312 0.814776 0.085810 0.035482 0.000619 
0.304907 0.633195 0.015003 0.031733 0.015162 
0.060639 0.771893 0.034003 0.057717 0.075747 
0.009523 0.495804 0.200384 0.161122 0.133167 
0.026665 0.903041 0.038335 0.020355 0.011604 
0.000638 0.906282 0.056783 0.034671 0.001625 
0.609047 0.239707 0.070411 0.000045 0.080790 
0.298849 0.500673 0.019033 0.067174 0.114271 
0.053188 0.859051 0.013083 0.031911 0.042766 
0.033031 0.533493 0.174179 0.046134 0.213163 
0.392571 0.437089 0.006081 0.073891 0.090368 
0.121411 0.778458 0.039995 0.060048 0.000088 
0.010404 0.877527 0.096080 0.000049 0.015940 
0.366365 0.455728 0.008035 0.103397 0.066475 
0.152629 0.679943 0.098959 0.019176 0.049293 
0.005446 0.854102 0.023789 0.043048 0.073616 
0.367589 0.060109 0.207832 0.364458 0.000013 
0.731768 0.053711 0.105716 0.003451 0.105354 
0.474643 0.239326 0.001749 0.231434 0.052847 
0.255140 0.443346 0.037505 0.263585 0.000425 
0.080946 0.634835 0.138265 0.038339 0.107614 
0.499791 0.473401 0.004877 0.021232 0.000700 
0.128113 0.697309 0.127401 0.040003 0.007174 
0.008099 0.466347 0.438114 0.037796 0.049644 
0.117323 0.646280 0.113887 0.038467 0.084042 
0.462179 0.150505 0.377163 0.003277 0.006875 
0.003438 0.487085 0.301088 0.201806 0.006583 
0.248664 0.569538 0.011780 0.070333 0.099685 
0.114299 0.673387 0.036243 0.023228 0.152842 
0.041295 0.123328 0.573466 0.236679 0.025232 
0.052953 0.089968 0.209962 0.617307 0.029809 
0.078764 0.081213 0.080508 0.650800 0.108714 
0.080613 0.003929 0.003697 0.629882 0.281879 
0.023042 0.092782 0.315157 0.557058 0.011960 
0.043942 0.018401 0.093945 0.757136 0.086576 
0.032297 0.018749 0.567736 0.321237 0.059982 
0.003175 0.292663 0.629122 0.016812 0.058227 
0.020551 0.056318 0.838697 0.048494 0.035940 
0.170036 0.672579 0.154998 0.002386 0.000001 
0.465326 0.084477 0.287358 0.157374 0.005466 
0.159671 0.166092 0.186381 0.467957 0.019899 
0.831864 0.092161 0.024987 0.049441 0.001546 
0.050394 0.001081 0.066181 0.831664 0.050680 
0.145359 0.391948 0.153114 0.277722 0.031858 
0.553958 0.078748 0.007578 0.312983 0.046732 
0.107171 0.082099 0.746007 0.064721 0.000001 
0.257202 0.276181 0.000129 0.454486 0.012002 
0.034900 0.430149 0.433236 0.056027 0.045687 
0.127210 0.440016 0.242621 0.175112 0.015040 
0.034032 0.308414 0.075958 0.565375 0.016221 
0.812566 0.051026 0.005952 0.130450 0.000005 
0.000036 0.153128 0.712033 0.103475 0.031328 
0.013885 0.526578 0.122956 0.275340 0.061242 
0.173500 0.611598 0.046614 0.119472 0.048815 
0.185441 0.503428 0.153178 0.119821 0.038133 
0.010429 0.596171 0.246757 0.121342 0.025301 
0.070347 0.487892 0.172283 0.268014 0.001465 
0.003810 0.578651 0.238156 0.011523 0.167860 
0.070868 0.062559 0.002552 0.761403 0.102618 
0.364346 0.416637 0.022621 0.186953 0.009442 
0.013518 0.387097 0.419308 0.014545 0.165531 
0.120553 0.150329 0.149142 0.540762 0.039213 
0.251039 0.321526 0.105848 0.048016 0.273571 
0.106807 0.455144 0.025841 0.248441 0.163767 
0.155690 0.593456 0.041481 0.108121 0.101252 
0.028051 0.770524 0.181185 0.002805 0.017436 
0.139675 0.053277 0.052518 0.624527 0.130004 
0.309451 0.103140 0.011574 0.523233 0.052602 
0.090679 0.561678 0.101727 0.240926 0.004991 
0.315314 0.367642 0.019358 0.076469 0.221217 
0.027937 0.203884 0.009323 0.411881 0.346975 
0.079050 0.348263 0.023914 0.280325 0.268447 
0.015335 0.329978 0.241130 0.330039 0.083519 
0.132690 0.232943 0.000000 0.467310 0.167057 
0.793753 0.080572 0.066030 0.018646 0.040999 
0.802801 0.060149 0.063558 0.063904 0.009587 
0.009291 0.025337 0.034662 0.793969 0.136740 
0.170189 0.333178 0.032385 0.333761 0.130487 
0.576338 0.325323 0.001017 0.088146 0.009177 
0.000854 0.718906 0.072372 0.136385 0.071484 
0.041165 0.610638 0.004497 0.331059 0.012641 
0.008847 0.262617 0.379508 0.345415 0.003612 
0.014075 0.743621 0.076473 0.076447 0.089384 
0.095259 0.170251 0.646919 0.010575 0.076996 
0.043524 0.083520 0.794381 0.053654 0.024920 
0.245261 0.466461 0.094464 0.105009 0.088805 
0.065590 0.634701 0.010059 0.000617 0.289033 
0.121197 0.257300 0.006268 0.539410 0.075825 
0.001122 0.730403 0.062743 0.083998 0.121732 
0.161993 0.368267 0.133618 0.141131 0.194991 
0.026466 0.073825 0.606606 0.274972 0.018132 
0.009087 0.365341 0.073081 0.419020 0.133471 
0.419667 0.010971 0.456154 0.102681 0.010527 
0.046389 0.155784 0.330517 0.462030 0.005280 
0.181525 0.665302 0.051074 0.004649 0.097450 
0.231427 0.040228 0.041249 0.610668 0.076429 
0.098886 0.003377 0.028186 0.587599 0.281951 
0.223183 0.335987 0.156845 0.282710 0.001275 
0.010922 0.529209 0.084474 0.105530 0.269865 
0.862789 0.045622 0.031107 0.009806 0.050675 
0.813652 0.001542 0.103362 0.000106 0.081338 
0.021228 0.070140 0.799175 0.078676 0.030782 
0.031138 0.000132 0.027386 0.929674 0.011670 
0.238611 0.005674 0.408023 0.337370 0.010322 
0.291557 0.221157 0.066731 0.419111 0.001445 
0.009483 0.394034 0.000671 0.023207 0.572605 
0.391505 0.382199 0.036648 0.130288 0.059360 
0.106463 0.661721 0.132489 0.092521 0.006806 
0.008551 0.452278 0.166354 0.032046 0.340771 
0.299213 0.308054 0.106959 0.269670 0.016104 
0.040609 0.188503 0.379148 0.070398 0.321342 
0.016538 0.635092 0.121520 0.000978 0.225872 
0.048725 0.719087 0.153251 0.000684 0.078253 
0.154184 0.168183 0.262487 0.395962 0.019184 
0.452237 0.004809 0.269709 0.185551 0.087694 
0.077433 0.809934 0.110549 0.000254 0.001830 
0.020416 0.120437 0.288521 0.123481 0.447145 
0.318688 0.331302 0.012506 0.337384 0.000119 
0.001365 0.647837 0.146412 0.129019 0.075366 
0.123307 0.465464 0.009086 0.184008 0.218134 
0.108612 0.154396 0.242165 0.475401 0.019426 
0.006993 0.026655 0.281382 0.677862 0.007107 
0.074820 0.161218 0.693305 0.067911 0.002746 
0.025831 0.069342 0.115509 0.530395 0.258923 
0.289675 0.203210 0.103148 0.380124 0.023844 
0.346122 0.081401 0.028029 0.544431 0.000017 
0.032850 0.063107 0.028489 0.082265 0.793289 
0.002984 0.163050 0.266197 0.012302 0.555467 
0.406147 0.292835 0.298057 0.001251 0.001711 
0.234399 0.003832 0.474802 0.286629 0.000338 
0.094084 0.309288 0.007279 0.005368 0.583981 
0.517182 0.131016 0.146459 0.203945 0.001398 
0.450584 0.319000 0.023826 0.172711 0.033879 
0.197419 0.400691 0.391614 0.008003 0.002273 
0.698285 0.133090 0.010558 0.110168 0.047900 
0.456772 0.108339 0.106984 0.324878 0.003027 
0.055888 0.708745 0.010607 0.191100 0.033661 
0.116857 0.420662 0.051052 0.198988 0.212441 
0.248058 0.234080 0.045826 0.389540 0.082496 
0.335334 0.498381 0.018840 0.127812 0.019634 
0.136728 0.806498 0.006265 0.005718 0.044791 
0.001531 0.536997 0.082464 0.300930 0.078078 
0.327374 0.044230 0.603935 0.000001 0.024461 
0.031513 0.000166 0.471257 0.323478 0.173586 
0.052229 0.345304 0.000069 0.010938 0.591460 
0.040107 0.657239 0.026683 0.275958 0.000014 
0.001735 0.002417 0.855222 0.080767 0.059859 
0.120281 0.723943 0.017123 0.135647 0.003006 
0.024823 0.380930 0.396177 0.018493 0.179577 
0.468422 0.001616 0.000776 0.520213 0.008973 
0.238477 0.206322 0.278872 0.000251 0.276077 
0.223276 0.041917 0.597639 0.014435 0.122733 
0.009595 0.515918 0.120993 0.258029 0.095465 
0.226170 0.010707 0.632080 0.125864 0.005179 
0.172229 0.172140 0.301562 0.349901 0.004168 
0.018344 0.251383 0.077728 0.652329 0.000216 
0.534127 0.115613 0.007358 0.335076 0.007826 
0.312686 0.170589 0.127245 0.379458 0.010023 
0.087679 0.595262 0.071424 0.085635 0.160001 
0.419349 0.019968 0.086678 0.469790 0.004215 
0.318387 0.339299 0.000064 0.252622 0.089628 
0.006253 0.643749 0.092506 0.067959 0.189533 
0.002374 0.644469 0.292542 0.040632 0.019984 
0.313713 0.263679 0.238178 0.107303 0.077127 
0.270371 0.022884 0.329926 0.348813 0.028005 
0.083684 0.226743 0.625999 0.029197 0.034378 
0.753645 0.039516 0.118567 0.082362 0.005910 
0.012129 0.559136 0.124254 0.299654 0.004827 
0.481127 0.128599 0.315222 0.062668 0.012384 
0.039287 0.649348 0.000143 0.018534 0.292689 
0.042733 0.580873 0.085974 0.003612 0.286808 
0.254578 0.252193 0.001467 0.485466 0.006295 
0.000614 0.624131 0.259813 0.093432 0.022009 
0.000025 0.570379 0.170723 0.245893 0.012980 
0.625896 0.029607 0.025373 0.309188 0.009936 
0.378884 0.179171 0.000866 0.419149 0.021931 
0.193748 0.093490 0.180762 0.484656 0.047344 
0.184504 0.540608 0.161990 0.021104 0.091795 
0.067613 0.147185 0.027053 0.692398 0.065750 
0.231179 0.407278 0.019897 0.270530 0.071116 
0.006897 0.019378 0.097755 0.784961 0.091010 
0.021214 0.800856 0.090627 0.000899 0.086404 
0.153161 0.766051 0.010515 0.000425 0.069849 
0.243432 0.613837 0.030001 0.051959 0.060771 
0.004729 0.555069 0.279716 0.160166 0.000321 
0.096649 0.424844 0.140783 0.114092 0.223631 
0.000013 0.262947 0.372579 0.010359 0.354101 
0.007696 0.178213 0.040369 0.752208 0.021514 
0.007494 0.553026 0.358937 0.075909 0.004634 
0.005740 0.004492 0.897232 0.083662 0.008874 
0.207768 0.001455 0.520175 0.073513 0.197088 
0.021438 0.146419 0.554150 0.249330 0.028664 
0.001074 0.001688 0.070765 0.140740 0.785734 
0.010291 0.005799 0.369973 0.552563 0.061374 
0.395804 0.164211 0.056112 0.383426 0.000447 
0.195145 0.514713 0.011500 0.270544 0.008098 
0.146497 0.014062 0.067369 0.000119 0.771952 
0.195001 0.204831 0.101754 0.445887 0.052526 
0.033355 0.029548 0.572198 0.248053 0.116846 
0.083542 0.266836 0.637755 0.002643 0.009225 
0.002063 0.000891 0.016886 0.941516 0.038645 
0.071147 0.187660 0.001382 0.520800 0.219012 
0.053458 0.557368 0.348502 0.026033 0.014639 
0.686879 0.005101 0.275465 0.015197 0.017358 
0.001063 0.094638 0.408783 0.050637 0.444879 
0.081581 0.628198 0.084079 0.200797 0.005345 
0.671724 0.026728 0.023768 0.275135 0.002644 
0.318709 0.087892 0.021607 0.001486 0.570306 
0.124212 0.597887 0.040809 0.026103 0.210990 
0.055750 0.458163 0.007337 0.059759 0.418992 
0.000305 0.610713 0.144530 0.177739 0.066713 
0.099320 0.503010 0.000090 0.218948 0.178632 
0.674009 0.004349 0.273508 0.028390 0.019744 
0.448458 0.443655 0.024996 0.010207 0.072684 
0.047361 0.760678 0.001662 0.016360 0.173938 
0.071732 0.062303 0.727483 0.010783 0.127699 
0.000737 0.547805 0.123461 0.017878 0.310119 
0.088190 0.781283 0.002456 0.088936 0.039135 
0.292387 0.361731 0.287207 0.049988 0.008688 
0.052198 0.084205 0.045121 0.003216 0.815260 
0.096596 0.664350 0.065726 0.096897 0.076430 
0.279810 0.421007 0.019707 0.266566 0.012910 
0.129209 0.434214 0.130349 0.193061 0.113167 
0.183284 0.114133 0.000541 0.653153 0.048889 
0.268419 0.014519 0.004084 0.667596 0.045381 
0.214228 0.025532 0.024692 0.728346 0.007203 
0.091529 0.239499 0.002990 0.638006 0.027975 
0.049737 0.670050 0.191886 0.083930 0.004398 
0.008937 0.358691 0.002582 0.622913 0.006878 
0.134725 0.123594 0.000874 0.381117 0.359690 
0.036467 0.015372 0.073948 0.151709 0.722504 
0.159226 0.028595 0.021893 0.180578 0.609708 
0.155228 0.060982 0.357668 0.298178 0.127944 
0.095939 0.096287 0.153074 0.649884 0.004817 
0.002112 0.455365 0.001049 0.503486 0.037989 
0.019062 0.078522 0.138115 0.087952 0.676349 
0.184900 0.429872 0.127015 0.012002 0.246211 
0.755372 0.216189 0.013008 0.015337 0.000094 
0.006617 0.609594 0.106248 0.053694 0.223848 
0.004867 0.008417 0.022481 0.924859 0.039377 
0.236032 0.039059 0.196054 0.525577 0.003279 
0.128724 0.194364 0.012033 0.509750 0.155130 
0.220312 0.446072 0.025233 0.210611 0.097772 
0.007252 0.592671 0.291874 0.010062 0.098141 
0.069814 0.013080 0.308539 0.604540 0.004026 
0.010109 0.293398 0.015368 0.275683 0.405443 
0.084223 0.109752 0.332766 0.087940 0.385319 
0.101468 0.061017 0.047796 0.372510 0.417208 
0.014413 0.391919 0.289374 0.067405 0.236889 
0.005435 0.067261 0.009988 0.028113 0.889203 
0.010865 0.005667 0.245285 0.621727 0.116456 
0.016130 0.069818 0.095017 0.649343 0.169692 
0.016149 0.003593 0.645558 0.195510 0.139191 
0.003977 0.208949 0.552450 0.194724 0.039900 
0.011151 0.927454 0.059964 0.000015 0.001416 
0.070290 0.352115 0.518164 0.000649 0.058782 
0.083497 0.086240 0.011582 0.743312 0.075368 
0.699378 0.097801 0.108472 0.084610 0.009740 
0.052563 0.039975 0.035355 0.029165 0.842942 
0.000166 0.068467 0.625298 0.271681 0.034389 
0.060068 0.324807 0.008376 0.565556 0.041193 
0.313312 0.300271 0.054330 0.324956 0.007131 
0.052881 0.293881 0.080144 0.437856 0.135238 
0.001170 0.291106 0.040621 0.337721 0.329383 
0.067848 0.019359 0.499534 0.344274 0.068985 
0.040389 0.128264 0.221003 0.589881 0.020462 
0.066551 0.101629 0.719383 0.080882 0.031554 
0.052344 0.006412 0.583616 0.355187 0.002441 
0.325752 0.067556 0.000451 0.308853 0.297388 
0.006976 0.196286 0.008016 0.556790 0.231932 
0.046287 0.047272 0.074107 0.779425 0.052910 
0.270873 0.305983 0.232916 0.005294 0.184933 
0.091949 0.302594 0.032048 0.184384 0.389025 
0.001910 0.190811 0.013076 0.101550 0.692653 
0.095598 0.029092 0.345653 0.494621 0.035036 
0.044893 0.000828 0.006685 0.001600 0.945994 
0.204640 0.463046 0.094623 0.190151 0.047540 
0.335703 0.336213 0.043437 0.248231 0.036416 
0.138106 0.630688 0.118775 0.098963 0.013468 
0.076058 0.123607 0.008110 0.132486 0.659740 
0.000404 0.332992 0.077324 0.504138 0.085142 
0.035268 0.237456 0.116667 0.303409 0.307200 
0.121102 0.263679 0.045276 0.409174 0.160769 
0.005050 0.117432 0.708617 0.113635 0.055265 
0.053539 0.304247 0.443361 0.156276 0.042578 
0.021834 0.578507 0.017973 0.301446 0.080240 
0.038364 0.047670 0.059115 0.741528 0.113323 
0.579343 0.021378 0.299991 0.078778 0.020511 
0.077765 0.052687 0.643465 0.038304 0.187780 
0.095581 0.004679 0.011683 0.805064 0.082993 
0.016590 0.006829 0.000389 0.358627 0.617565 
0.138101 0.040209 0.014732 0.660283 0.146675 
0.081404 0.087247 0.202090 0.426586 0.202672 
0.830617 0.016027 0.099464 0.008215 0.045677 
0.452155 0.252460 0.081064 0.183304 0.031016 
0.040116 0.593214 0.199214 0.156695 0.010760 
0.381490 0.287386 0.004628 0.090188 0.236308 
0.015834 0.226844 0.726365 0.029330 0.001626 
0.184059 0.136953 0.087729 0.586826 0.004432 
0.162687 0.244322 0.000093 0.111524 0.481374 
0.005200 0.046613 0.914329 0.014733 0.019125 
0.253605 0.079387 0.224007 0.176999 0.266002 
0.058847 0.651010 0.111415 0.044527 0.134201 
0.083984 0.274492 0.000018 0.134538 0.506968 
0.010288 0.257979 0.006200 0.237359 0.488175 
0.033976 0.001174 0.907354 0.057470 0.000026 
0.001157 0.546449 0.197602 0.214803 0.039989 
0.006540 0.325638 0.621696 0.001463 0.044663 
0.047036 0.800871 0.002345 0.144646 0.005103 
0.087140 0.565335 0.186455 0.088347 0.072723 
0.220572 0.003213 0.234523 0.537813 0.003879 
0.288791 0.073045 0.079134 0.482761 0.076269 
0.129481 0.367758 0.001570 0.180674 0.320517 
0.283890 0.146193 0.019024 0.044083 0.506809 
0.042025 0.066241 0.000063 0.668407 0.223264 
0.003443 0.033191 0.583200 0.312067 0.068099 
0.112348 0.108074 0.660813 0.006513 0.112253 
0.006493 0.222789 0.060133 0.444684 0.265900 
0.004637 0.015351 0.006762 0.916356 0.056894 
0.054348 0.112965 0.059259 0.400561 0.372867 
0.000244 0.025343 0.136347 0.716416 0.121650 
0.006269 0.205057 0.349254 0.309861 0.129558 
0.064632 0.795161 0.004671 0.135366 0.000170 
0.313892 0.505980 0.010580 0.113277 0.056271 
0.597518 0.358646 0.004755 0.031528 0.007552 
0.049881 0.092367 0.555943 0.257355 0.044454 
0.197442 0.008705 0.125379 0.271262 0.397212 
0.291118 0.576803 0.092415 0.006074 0.033589 
0.259037 0.022890 0.384869 0.154005 0.179198 
0.382369 0.076174 0.007973 0.034397 0.499087 
0.041863 0.016889 0.379376 0.369396 0.192476 
0.000588 0.057573 0.261644 0.672964 0.007232 
0.058174 0.036715 0.002937 0.033538 0.868635 
0.003194 0.270328 0.047708 0.264717 0.414053 
0.000165 0.102732 0.134457 0.601071 0.161575 
0.006314 0.001546 0.220542 0.375092 0.396505 
0.026390 0.067828 0.008306 0.124932 0.772544 
0.228148 0.000123 0.059659 0.146034 0.566036 
0.019671 0.247734 0.014259 0.561153 0.157183 
0.477216 0.084608 0.092602 0.067087 0.278487 
0.574427 0.183809 0.092870 0.000287 0.148607 
0.033329 0.249819 0.204899 0.406397 0.105556 
0.468404 0.190606 0.148117 0.005312 0.187562 
0.012253 0.127579 0.004178 0.003535 0.852455 
0.084216 0.179284 0.462518 0.148021 0.125961 
0.032485 0.057081 0.000202 0.502313 0.407919 
0.053794 0.066388 0.294228 0.553482 0.032108 
0.000207 0.109105 0.193656 0.694556 0.002477 
0.003506 0.077492 0.009946 0.434129 0.474927 
0.004615 0.575401 0.121076 0.003202 0.295705 
0.059101 0.246092 0.376193 0.082846 0.235768 
0.571240 0.021465 0.067072 0.258229 0.081994 
0.024484 0.063579 0.832896 0.041836 0.037204 
0.000809 0.356339 0.056162 0.147180 0.439509 
0.031292 0.075834 0.569890 0.294446 0.028538 
0.000852 0.076517 0.063787 0.833473 0.025371 
0.307996 0.001744 0.556311 0.000020 0.133929 
0.031082 0.568049 0.054171 0.286052 0.060647 
0.004233 0.253704 0.647484 0.039496 0.055082 
0.050901 0.003730 0.308783 0.636217 0.000369 
0.131255 0.090622 0.102931 0.103008 0.572185 
0.889419 0.061770 0.006266 0.037519 0.005026 
0.027847 0.264561 0.651224 0.040407 0.015961 
0.204424 0.410966 0.075049 0.305275 0.004286 
0.010488 0.395945 0.240357 0.285129 0.068082 
0.345871 0.492826 0.112960 0.047813 0.000530 
0.002582 0.005279 0.028979 0.954667 0.008493 
0.046423 0.053615 0.040974 0.747528 0.111459 
0.040109 0.642228 0.212534 0.104636 0.000493 
0.000356 0.022071 0.103855 0.520598 0.353120 
0.111716 0.065691 0.324718 0.208786 0.289090 
0.150177 0.081607 0.526287 0.076300 0.165629 
0.005711 0.602398 0.286142 0.101086 0.004662 
0.098682 0.227446 0.024329 0.282918 0.366624 
0.013072 0.220617 0.326663 0.305495 0.134152 
0.014971 0.099623 0.276675 0.576211 0.032521 
0.002413 0.024991 0.643428 0.021250 0.307918 
0.130969 0.009860 0.006040 0.852504 0.000626 
0.066516 0.281727 0.450953 0.034795 0.166008 
0.336928 0.003840 0.121022 0.049121 0.489088 
0.102220 0.000647 0.015151 0.025843 0.856140 
0.011583 0.068977 0.081267 0.022915 0.815258 
0.270223 0.710149 0.003151 0.008138 0.008339 
0.541934 0.016966 0.155829 0.005235 0.280037 
0.375035 0.385014 0.033467 0.001669 0.204814 
0.201408 0.002695 0.350271 0.148197 0.297430 
0.637749 0.301178 0.003479 0.020546 0.037048 
0.807061 0.001559 0.084618 0.010948 0.095814 
0.268261 0.032681 0.328888 0.018110 0.352060 
0.028080 0.332932 0.160767 0.472439 0.005782 
0.065630 0.113795 0.005358 0.101944 0.713273 
0.074102 0.246702 0.122842 0.010638 0.545715 
0.009429 0.000521 0.064599 0.148392 0.777059 
0.007853 0.181919 0.403654 0.115775 0.290799 
0.007351 0.000000 0.061800 0.554837 0.376012 
0.286870 0.127896 0.018662 0.000217 0.566356 
0.044262 0.018799 0.380570 0.040470 0.515899 
0.469995 0.151036 0.033369 0.066804 0.278795 
0.339773 0.029399 0.169534 0.035333 0.425961 
0.002749 0.210307 0.336520 0.041101 0.409322 
0.051142 0.027783 0.581831 0.294419 0.044826 
0.008220 0.353092 0.045333 0.592735 0.000620 
0.436603 0.036281 0.404667 0.009642 0.112807 
0.003415 0.593291 0.042772 0.318310 0.042213 
0.018880 0.648188 0.187527 0.077935 0.067469 
0.483959 0.049607 0.207070 0.127776 0.131587 
0.222998 0.010364 0.003150 0.741243 0.022244 
0.276343 0.522092 0.002438 0.059332 0.139795 
0.130639 0.359729 0.047269 0.023996 0.438367 
0.317408 0.000847 0.205728 0.218602 0.257415 
0.261006 0.004239 0.065102 0.422399 0.247254 
0.110197 0.304172 0.304145 0.271957 0.009529 
0.098819 0.053379 0.624223 0.200499 0.023080 
0.094539 0.099775 0.356644 0.448983 0.000059 
0.443349 0.188178 0.192733 0.109367 0.066373 
0.231551 0.478880 0.250827 0.030262 0.008480 
0.010088 0.000313 0.181605 0.790797 0.017196 
0.132608 0.387429 0.368423 0.012385 0.099154 
0.007381 0.012979 0.927981 0.009462 0.042197 
0.516235 0.009197 0.285361 0.008961 0.180246 
0.660300 0.000002 0.171689 0.000080 0.167929 
0.008475 0.342484 0.193838 0.071267 0.383938 
0.025344 0.014260 0.008422 0.190240 0.761735 
0.825913 0.007247 0.000049 0.117393 0.049397 
0.054440 0.009737 0.275893 0.366718 0.293212 
0.004864 0.132714 0.071505 0.390087 0.400830 
0.050899 0.461123 0.313079 0.087137 0.087763 
0.032245 0.199181 0.670578 0.002059 0.095936 
0.035921 0.002270 0.633710 0.007728 0.320371 
0.151549 0.073474 0.076544 0.056070 0.642363 
0.002248 0.033394 0.225980 0.066738 0.671641 
0.258673 0.000522 0.240941 0.409715 0.090149 
0.071221 0.267396 0.143357 0.033853 0.484173 
0.527859 0.044257 0.125528 0.302065 0.000290 
0.002410 0.079365 0.045498 0.044269 0.828458 
0.486603 0.080418 0.011018 0.421895 0.000067 
0.111316 0.100133 0.001981 0.652058 0.134512 
0.203904 0.336923 0.058498 0.229546 0.171129 
0.003665 0.824796 0.001166 0.033108 0.137266 
0.253849 0.070288 0.473494 0.107440 0.094929 
0.235401 0.104434 0.656747 0.002792 0.000626 
0.718528 0.033299 0.018522 0.150777 0.078874 
0.009152 0.080997 0.106229 0.091459 0.712162 
0.310047 0.108664 0.123245 0.010999 0.447045 
0.225378 0.178220 0.017222 0.043012 0.536169 
0.001936 0.503581 0.249580 0.015016 0.229887 
0.002681 0.002976 0.033203 0.940841 0.020300 
0.007318 0.232717 0.025440 0.648439 0.086086 
0.068590 0.095832 0.121944 0.332765 0.380869 
0.129461 0.383385 0.181236 0.305569 0.000349 
0.009921 0.004052 0.237317 0.133066 0.615644 
0.007322 0.060788 0.638643 0.022826 0.270421 
0.545807 0.120447 0.157360 0.040595 0.135791 
0.306566 0.089470 0.295387 0.014106 0.294472 
0.001293 0.280815 0.196329 0.390541 0.131022 
0.001556 0.301788 0.295911 0.217153 0.183592 
0.071717 0.087816 0.003356 0.530939 0.306172 
0.001794 0.003455 0.124145 0.566083 0.304523 
0.112520 0.216063 0.545615 0.022709 0.103094 
0.061351 0.000040 0.001279 0.254181 0.683149 
0.141462 0.723409 0.024391 0.044197 0.066541 
0.293432 0.022168 0.308590 0.062574 0.313236 
0.065521 0.033215 0.705688 0.040765 0.154811 
0.257323 0.070785 0.005751 0.639045 0.027096 
0.002598 0.102782 0.654521 0.114877 0.125223 
0.305808 0.250684 0.309395 0.112220 0.021892 
0.012442 0.326095 0.001007 0.547761 0.112695 
0.001411 0.221347 0.451488 0.022657 0.303097 
0.001133 0.328605 0.000829 0.001192 0.668241 
0.063988 0.538591 0.368657 0.010764 0.018000 
0.001921 0.334333 0.019668 0.201492 0.442586 
0.113709 0.039007 0.003027 0.526572 0.317684 
0.129944 0.094273 0.217463 0.018396 0.539924 
0.000043 0.299585 0.082998 0.206085 0.411288 
0.112761 0.275747 0.468311 0.021068 0.122112 
0.355759 0.283628 0.185855 0.165256 0.009502 
0.344706 0.646999 0.005435 0.002740 0.000120 
0.502078 0.033086 0.219255 0.030151 0.215430 
0.250487 0.001794 0.333422 0.182379 0.231918 
0.596111 0.001782 0.083026 0.034499 0.284582 
0.023968 0.667842 0.000905 0.131612 0.175673 
0.053730 0.009297 0.048533 0.011444 0.876996 
0.003681 0.069523 0.616114 0.309790 0.000893 
0.151486 0.005883 0.047907 0.264503 0.530221 
0.597965 0.007708 0.357667 0.000098 0.036561 
0.000729 0.427442 0.142125 0.422469 0.007236 
0.000245 0.534158 0.085723 0.083643 0.296231 
0.036647 0.315116 0.017004 0.271493 0.359739 
0.275104 0.424834 0.017895 0.029783 0.252384 
0.592635 0.030834 0.053958 0.133900 0.188673 
0.026086 0.280418 0.000888 0.357832 0.334776 
0.022109 0.586323 0.000082 0.317718 0.073767 
0.086618 0.203286 0.002482 0.000082 0.707531 
0.051940 0.008335 0.050015 0.000232 0.889478 
0.261292 0.112108 0.029008 0.062472 0.535120 
0.025949 0.054643 0.004744 0.073185 0.841479 
0.091436 0.149749 0.062358 0.334893 0.361564 
0.002563 0.313029 0.109282 0.093068 0.482058 
0.004241 0.047941 0.122569 0.254568 0.570680 
0.032625 0.011879 0.407342 0.145238 0.402916 
0.000048 0.000087 0.035610 0.034241 0.930014 
0.248652 0.510874 0.194815 0.000318 0.045340 
0.642180 0.035316 0.142966 0.178930 0.000609 
0.076127 0.249106 0.142348 0.028694 0.503725 
0.206218 0.097129 0.278935 0.150311 0.267408 
0.000606 0.105826 0.106506 0.174660 0.612401 
0.071859 0.475297 0.005601 0.225191 0.222052 
0.083506 0.000132 0.625518 0.223464 0.067380 
0.045673 0.029886 0.341210 0.508527 0.074704 
0.011484 0.149112 0.051036 0.674996 0.113372 
0.019650 0.137802 0.039665 0.564281 0.238602 
0.632620 0.044320 0.139903 0.002159 0.180998 
0.206597 0.006835 0.254134 0.000240 0.532194 
0.000520 0.165401 0.113178 0.116100 0.604801 
0.005483 0.098275 0.353755 0.279152 0.263335 
0.046503 0.037341 0.446179 0.010218 0.459760 
0.022303 0.711731 0.156142 0.008030 0.101794 
0.600700 0.000500 0.015756 0.371382 0.011663 
0.022294 0.338144 0.051461 0.410215 0.177887 
0.134735 0.328822 0.047910 0.488207 0.000326 
0.346737 0.157334 0.079600 0.390995 0.025334 
0.857804 0.000002 0.011971 0.110277 0.019945 
0.628873 0.117123 0.119445 0.133241 0.001318 
0.254969 0.492520 0.150482 0.100713 0.001316 
0.277908 0.355128 0.313612 0.028548 0.024804 
0.026532 0.054538 0.207741 0.002198 0.708991 
0.177702 0.603313 0.072197 0.094548 0.052240 
0.087310 0.466679 0.075273 0.238881 0.131857 
0.295133 0.422036 0.025025 0.084951 0.172855 
0.184310 0.071179 0.054725 0.686510 0.003276 
0.350306 0.218840 0.053723 0.344276 0.032855 
0.160141 0.253297 0.027904 0.212174 0.346484 
0.069572 0.128727 0.222412 0.566996 0.012293 
0.257939 0.084847 0.476328 0.147641 0.033246 
0.215092 0.042783 0.452996 0.152520 0.136609 
0.461659 0.005025 0.213743 0.231883 0.087690 
0.001573 0.190718 0.000511 0.487939 0.319259 
0.149233 0.105918 0.604907 0.116400 0.023543 
0.823742 0.157125 0.009487 0.003029 0.006617 
0.375665 0.583342 0.015669 0.006164 0.019160 
0.098520 0.808827 0.071323 0.020485 0.000844 
0.099936 0.645618 0.099111 0.101331 0.054004 
0.032726 0.522179 0.281558 0.086911 0.076626 
0.330683 0.666268 0.000241 0.000102 0.002706 
0.097451 0.744656 0.089252 0.048714 0.019927 
0.607672 0.339514 0.039441 0.000288 0.013085 
0.064804 0.784909 0.013017 0.044185 0.093084 
0.017330 0.601624 0.091855 0.088881 0.200310 
0.958026 0.000402 0.009838 0.016480 0.015254 
0.809256 0.069269 0.030836 0.085701 0.004938 
0.560832 0.273269 0.054725 0.031189 0.079985 
0.311327 0.633768 0.014871 0.007913 0.032121 
0.072624 0.796560 0.057905 0.058482 0.014430 
0.004524 0.668247 0.225618 0.094834 0.006777 
0.289631 0.618882 0.000039 0.054914 0.036534 
0.112929 0.662521 0.106669 0.100504 0.017378 
0.117533 0.775500 0.075813 0.024375 0.006779 
0.021962 0.682044 0.285862 0.000004 0.010128 
0.262098 0.665670 0.024486 0.044474 0.003273 
0.110734 0.720731 0.068313 0.007103 0.093119 
0.061452 0.602443 0.176269 0.003733 0.156104 
0.048676 0.592062 0.190251 0.000525 0.168487 
0.041579 0.571516 0.204724 0.000188 0.181993 
0.022516 0.415971 0.453758 0.032429 0.075326 
0.193146 0.703359 0.100365 0.000853 0.002277 
0.060327 0.736287 0.185307 0.013574 0.004506 
0.629799 0.361192 0.000425 0.001144 0.007440 
0.317107 0.491484 0.081076 0.032079 0.078255 
0.143244 0.629366 0.141142 0.005968 0.080280 
0.039943 0.555065 0.314263 0.001350 0.089379 
0.304543 0.540941 0.028232 0.025944 0.100341 
0.142310 0.573070 0.136238 0.077407 0.070975 
0.085650 0.455315 0.294233 0.120349 0.044453 
0.004772 0.339270 0.568157 0.000624 0.087177 
0.168780 0.689662 0.061136 0.069845 0.010577 
0.078605 0.678299 0.190686 0.048082 0.004328 
0.001652 0.493259 0.467808 0.014156 0.023125 
0.075989 0.657503 0.165498 0.090840 0.010169 
0.009642 0.037222 0.515760 0.316662 0.120713 
0.052114 0.000008 0.312230 0.518337 0.117310 
0.141426 0.020583 0.143374 0.571648 0.122970 
0.331650 0.008413 0.036999 0.592655 0.030283 
0.684292 0.015342 0.090626 0.049785 0.159956 
0.128361 0.550993 0.029460 0.179233 0.111953 
0.000117 0.766153 0.099084 0.129072 0.005573 
0.488404 0.483311 0.005042 0.000865 0.022378 
0.113893 0.713136 0.124902 0.044217 0.003852 
0.010406 0.461169 0.447625 0.028602 0.052199 
0.148198 0.574307 0.122745 0.058094 0.096656 
0.006480 0.328926 0.176431 0.486057 0.002106 
0.307152 0.595417 0.009083 0.087699 0.000649 
0.101284 0.762260 0.071800 0.019161 0.045494 
0.022646 0.095455 0.538969 0.338938 0.003992 
0.069908 0.079612 0.278937 0.531191 0.040352 
0.095375 0.075442 0.118893 0.601350 0.108940 
0.092770 0.006447 0.014658 0.600291 0.285834 
0.012525 0.042726 0.319803 0.618826 0.006119 
0.000118 0.047264 0.852932 0.038042 0.061644 
0.002709 0.581218 0.295359 0.114383 0.006330 
0.270023 0.529093 0.138881 0.009036 0.052968 
0.000722 0.030331 0.929750 0.022309 0.016888 
0.158778 0.001487 0.714166 0.101548 0.024021 
0.433263 0.129132 0.288297 0.144941 0.004366 
0.012257 0.036001 0.016550 0.346902 0.588291 
0.655289 0.062689 0.024396 0.006391 0.251235 
0.110056 0.042371 0.732568 0.071470 0.043535 
0.026522 0.474361 0.275650 0.003237 0.220230 
0.014519 0.000019 0.838920 0.069216 0.077326 
0.004885 0.591711 0.003169 0.373361 0.026874 
0.351471 0.126178 0.202770 0.299914 0.019667 
0.129639 0.487924 0.034207 0.151000 0.197229 
0.107014 0.387691 0.310451 0.096444 0.098400 
0.001873 0.564641 0.270553 0.031498 0.131435 
0.185763 0.189681 0.389658 0.215605 0.019294 
0.065749 0.013842 0.145764 0.548460 0.226186 
0.545608 0.242095 0.071770 0.132696 0.007831 
0.228681 0.669137 0.035562 0.031813 0.034807 
0.072981 0.190294 0.494439 0.229642 0.012643 
0.156772 0.172349 0.173990 0.468388 0.028501 
0.199627 0.482322 0.139553 0.119628 0.058870 
0.127118 0.422261 0.012647 0.344189 0.093786 
0.003502 0.269481 0.000785 0.081480 0.644752 
0.002418 0.326443 0.641871 0.027549 0.001719 
0.121422 0.589712 0.127135 0.144896 0.016835 
0.552275 0.415463 0.001669 0.008255 0.022337 
0.192900 0.631503 0.020968 0.142024 0.012605 
0.392778 0.435717 0.002666 0.068521 0.100318 
0.311398 0.346195 0.001129 0.065874 0.275404 
0.000020 0.281648 0.389381 0.323741 0.005210 
0.054341 0.428500 0.184630 0.227568 0.104961 
0.286846 0.353523 0.311483 0.008658 0.039490 
0.098058 0.586590 0.135276 0.128556 0.051520 
0.001861 0.359464 0.439532 0.186605 0.012538 
0.777880 0.011411 0.024153 0.083878 0.102679 
0.747257 0.075119 0.043222 0.000140 0.134261 
0.012904 0.037996 0.814464 0.016538 0.118099 
0.005537 0.220021 0.095829 0.599129 0.079484 
0.000515 0.067679 0.065635 0.859882 0.006289 
0.010323 0.849092 0.001951 0.008976 0.129658 
0.043314 0.463468 0.017215 0.002675 0.473329 
0.253004 0.136008 0.004952 0.386298 0.219739 
0.084397 0.321435 0.000427 0.196254 0.397488 
0.053352 0.627393 0.107564 0.170025 0.041666 
0.337308 0.365371 0.020324 0.201553 0.075444 
0.125992 0.084752 0.004675 0.534098 0.250482 
0.133326 0.152648 0.158476 0.470187 0.085363 
0.006912 0.009429 0.052373 0.879564 0.051722 
0.004616 0.000086 0.709598 0.072263 0.213436 
0.010551 0.193660 0.000993 0.437444 0.357352 
0.061020 0.373770 0.052508 0.484048 0.028653 
0.272775 0.308122 0.337055 0.000241 0.081807 
0.001347 0.367262 0.025739 0.536619 0.069033 
0.195133 0.001496 0.166763 0.633166 0.003442 
0.003139 0.028933 0.002722 0.924488 0.040719 
0.327050 0.005742 0.212814 0.154971 0.299423 
0.111353 0.285989 0.044664 0.557194 0.000800 
0.038570 0.012191 0.785916 0.006958 0.156364 
0.065523 0.548903 0.347920 0.001238 0.036416 
0.157589 0.592816 0.170199 0.050989 0.028407 
0.081139 0.390647 0.414960 0.030566 0.082688 
0.000080 0.159074 0.001837 0.828611 0.010397 
0.060525 0.224893 0.455643 0.007644 0.251296 
0.043771 0.467831 0.137689 0.266081 0.084628 
0.210416 0.178131 0.161588 0.448823 0.001042 
0.000345 0.425784 0.427627 0.079558 0.066685 
0.071301 0.564583 0.226502 0.083050 0.054565 
0.000104 0.168039 0.706326 0.083486 0.042044 
0.012961 0.014318 0.804524 0.123997 0.044199 
0.100510 0.014051 0.021080 0.850523 0.013837 
0.148654 0.406417 0.001152 0.142696 0.301081 
0.137878 0.528793 0.064894 0.053724 0.214710 
0.011405 0.554589 0.157898 0.004513 0.271596 
0.240758 0.335204 0.171878 0.249186 0.002973 
0.065886 0.291166 0.232496 0.408282 0.002171 
0.002357 0.885068 0.044895 0.032423 0.035257 
0.000143 0.006731 0.965970 0.006660 0.020496 
0.018844 0.006083 0.881745 0.002775 0.090553 
0.739709 0.030907 0.096224 0.053504 0.079656 
0.110866 0.052133 0.314443 0.508045 0.014513 
0.627555 0.020858 0.021630 0.314385 0.015571 
0.113813 0.588940 0.109967 0.043146 0.144133 
0.034791 0.362157 0.273151 0.000418 0.329483 
0.142110 0.046546 0.068359 0.741079 0.001907 
0.159364 0.594529 0.089599 0.142444 0.014065 
0.081652 0.368155 0.180605 0.051358 0.318230 
0.047791 0.013557 0.053059 0.783968 0.101625 
0.001076 0.186413 0.146168 0.597112 0.069230 
0.603945 0.026112 0.014489 0.304605 0.050850 
0.093206 0.282039 0.363284 0.259467 0.002004 
0.112416 0.099457 0.267828 0.471787 0.048513 
0.001250 0.126319 0.635450 0.220709 0.016272 
0.000262 0.005651 0.296257 0.552370 0.145460 
0.306502 0.008168 0.025607 0.075294 0.584429 
0.058160 0.374018 0.275247 0.000228 0.292347 
0.107630 0.094203 0.018735 0.000138 0.779294 
0.004108 0.366802 0.252716 0.214653 0.161721 
0.000099 0.224457 0.398035 0.199999 0.177411 
0.067271 0.401907 0.221370 0.082257 0.227196 
0.051149 0.581507 0.268834 0.016808 0.081703 
0.006503 0.895972 0.029497 0.016778 0.051250 
0.000259 0.160904 0.452726 0.382398 0.003713 
0.010541 0.094136 0.714157 0.093639 0.087527 
0.027977 0.330745 0.530340 0.102894 0.008044 
0.089746 0.158144 0.685209 0.053616 0.013284 
0.009095 0.712648 0.211782 0.048297 0.018177 
0.000255 0.237662 0.092424 0.519322 0.150337 
0.065402 0.002926 0.572658 0.343312 0.015702 
0.291207 0.030121 0.305850 0.092114 0.280708 
0.164935 0.553092 0.256109 0.025779 0.000085 
0.376413 0.334528 0.241760 0.032125 0.015174 
0.263795 0.129774 0.470470 0.021292 0.114670 
0.052881 0.057929 0.490130 0.312645 0.086416 
0.023795 0.001126 0.639182 0.072812 0.263084 
0.253953 0.334402 0.196831 0.213992 0.000822 
0.162131 0.312581 0.505130 0.018171 0.001986 
0.274061 0.005413 0.280536 0.052852 0.387138 
0.068996 0.086020 0.760577 0.020813 0.063595 
0.023825 0.036784 0.278279 0.659946 0.001165 
0.006584 0.119407 0.340649 0.008390 0.524970 
0.064161 0.021394 0.652533 0.021103 0.240809 
0.000255 0.016506 0.250342 0.377612 0.355285 
0.091535 0.000796 0.455679 0.226419 0.225571 
0.537307 0.144186 0.060980 0.226049 0.031478 
0.009010 0.211853 0.005713 0.162876 0.610547 
0.030534 0.377729 0.013091 0.349107 0.229539 
0.079896 0.626922 0.000479 0.017909 0.274795 
0.134226 0.355418 0.496024 0.000228 0.014105 
0.483740 0.144326 0.215219 0.082081 0.074634 
0.002268 0.083719 0.031263 0.226093 0.656657 
0.026379 0.001390 0.361830 0.116663 0.493737 
0.004132 0.560164 0.000049 0.211173 0.224483 
0.243156 0.001032 0.236886 0.001234 0.517692 
0.092707 0.203243 0.021052 0.593532 0.089466 
0.014737 0.029372 0.112370 0.062315 0.781207 
0.040865 0.148834 0.330845 0.400411 0.079044 
0.042380 0.047736 0.674869 0.008165 0.226850 
0.099708 0.257789 0.000249 0.105128 0.537126 
0.093561 0.061977 0.008225 0.013386 0.822851 
0.010562 0.532390 0.124347 0.158062 0.174640 
0.007943 0.225068 0.341675 0.391910 0.033404 
0.482317 0.038533 0.300365 0.124413 0.054372 
0.100871 0.397667 0.005396 0.434403 0.061663 
0.154500 0.389067 0.159564 0.168091 0.128779 
0.059339 0.323775 0.016259 0.592208 0.008420 
0.247492 0.175310 0.036894 0.062160 0.478144 
0.167068 0.507848 0.012388 0.281287 0.031408 
0.007681 0.276773 0.101524 0.012988 0.601034 
0.301601 0.298590 0.001731 0.030551 0.367527 
0.168721 0.597383 0.034968 0.126161 0.072768 
0.208299 0.382941 0.057040 0.338873 0.012847 
0.436329 0.398735 0.022756 0.134504 0.007677 
0.042898 0.420191 0.020261 0.408566 0.108084 
0.264582 0.094369 0.371954 0.247304 0.021790 
0.007348 0.001886 0.709916 0.147778 0.133072 
0.494433 0.192696 0.163014 0.149153 0.000704 
0.515347 0.091071 0.022635 0.194760 0.176185 
0.020128 0.262688 0.185516 0.443957 0.087711 
0.076311 0.335721 0.325349 0.050379 0.212241 
0.455854 0.003912 0.026296 0.371917 0.142021 
0.154034 0.661591 0.098103 0.084583 0.001689 
0.346353 0.562380 0.005543 0.043314 0.042409 
0.156203 0.474838 0.099693 0.004591 0.264675 
0.013219 0.458606 0.215353 0.002435 0.310387 
0.085252 0.000029 0.846680 0.015056 0.052983 
0.600333 0.001151 0.036122 0.289118 0.073276 
0.510311 0.113097 0.210976 0.099547 0.066069 
0.133696 0.000667 0.603579 0.000961 0.261097 
0.024353 0.000050 0.513222 0.076277 0.386098 
0.048655 0.012042 0.293532 0.129787 0.515984 
0.013514 0.003262 0.783466 0.004110 0.195648 
0.002835 0.002321 0.033580 0.946720 0.014543 
0.008129 0.555587 0.051215 0.037750 0.347319 
0.230700 0.272879 0.017548 0.292828 0.186044 
0.002463 0.015574 0.881740 0.057111 0.043112 
0.003872 0.140637 0.024670 0.746318 0.084504 
0.131028 0.582224 0.020304 0.016468 0.249976 
0.310992 0.304384 0.000989 0.130880 0.252754 
0.245817 0.468761 0.096613 0.008386 0.180423 
0.176389 0.102396 0.029190 0.129904 0.562121 
0.008614 0.010298 0.120129 0.826992 0.033967 
0.244766 0.047466 0.501171 0.093810 0.112787 
0.000284 0.566560 0.202797 0.230284 0.000074 
0.129463 0.362801 0.169288 0.313479 0.024969 
0.783822 0.074015 0.025877 0.037130 0.079157 
0.370687 0.290496 0.077618 0.089667 0.171532 
0.112463 0.059958 0.699211 0.094819 0.033549 
0.430062 0.443132 0.000072 0.123098 0.003635 
0.249827 0.662134 0.050205 0.000193 0.037641 
0.281492 0.372139 0.334215 0.012143 0.000011 
0.655031 0.000606 0.056710 0.283458 0.004195 
0.022001 0.569923 0.141816 0.263385 0.002874 
0.014094 0.489780 0.017287 0.443625 0.035213 
0.846177 0.041219 0.014937 0.068798 0.028869 
0.031828 0.450999 0.002848 0.223240 0.291085 
0.282099 0.120763 0.007006 0.089569 0.500563 
0.716307 0.093082 0.000094 0.009103 0.181415 
0.011785 0.514252 0.320682 0.152060 0.001221 
0.047920 0.503239 0.148008 0.093531 0.207302 
0.151778 0.743666 0.018266 0.075888 0.010402 
0.314796 0.298016 0.023769 0.360397 0.003022 
0.201441 0.107483 0.277784 0.019829 0.393463 
0.010386 0.000401 0.595100 0.180792 0.213320 
0.001058 0.096922 0.562842 0.227360 0.111819 
0.010838 0.039606 0.229382 0.691308 0.028867 
0.080966 0.010557 0.269333 0.277544 0.361600 
0.064321 0.316667 0.248514 0.054832 0.315666 
0.078376 0.142319 0.513269 0.255976 0.010060 
0.072176 0.720212 0.027867 0.080599 0.099147 
0.240455 0.469604 0.014555 0.053359 0.222027 
0.104314 0.242777 0.092582 0.028914 0.531413 
0.339856 0.024172 0.028406 0.386819 0.220747 
0.051687 0.118113 0.240551 0.548768 0.040881 
0.189728 0.111683 0.105076 0.592821 0.000692 
