0.001815 0.000000 0.000000 0.047373 0.000000 0.000000 0.362019 0.000000 0.000001 0.555646 0.000000 0.000000 0.000001 0.000043 0.027862 0.000000 0.000000 0.005239 0.000000 0.000000 0.000000 0.000000 0.000000 0.000000 
0.002151 0.000000 0.000000 0.049715 0.000000 0.000001 0.392188 0.000000 0.000002 0.526350 0.000000 0.000000 0.000002 0.000065 0.025802 0.000000 0.000000 0.003723 0.000000 0.000000 0.000000 0.000000 0.000000 0.000000 
0.006701 0.000001 0.000004 0.099179 0.000000 0.000003 0.438369 0.000000 0.000006 0.435592 0.000000 0.000000 0.000005 0.000052 0.017581 0.000000 0.000000 0.002507 0.000000 0.000000 0.000000 0.000000 0.000000 0.000000 
0.027202 0.000008 0.000039 0.221694 0.000000 0.000024 0.470644 0.000000 0.000025 0.270316 0.000000 0.000001 0.000020 0.000120 0.008920 0.000000 0.000002 0.000987 0.000000 0.000000 0.000000 0.000000 0.000000 0.000000 
0.058427 0.000021 0.000144 0.330710 0.000000 0.000059 0.446240 0.000000 0.000046 0.159523 0.000000 0.000003 0.000037 0.000242 0.004219 0.000000 0.000005 0.000324 0.000000 0.000000 0.000000 0.000000 0.000000 0.000000 
0.263788 0.000108 0.003084 0.485235 0.000000 0.000170 0.222592 0.000000 0.000059 0.023566 0.000000 0.000018 0.000067 0.000994 0.000288 0.000000 0.000027 0.000004 0.000000 0.000000 0.000000 0.000000 0.000000 0.000000 
0.401807 0.000155 0.007857 0.446930 0.000001 0.000177 0.132378 0.000000 0.000041 0.009007 0.000000 0.000026 0.000068 0.001445 0.000070 0.000000 0.000038 0.000000 0.000000 0.000000 0.000000 0.000000 0.000000 0.000000 
0.547300 0.000200 0.017241 0.361329 0.000001 0.000195 0.068406 0.000001 0.000032 0.003315 0.000000 0.000031 0.000067 0.001827 0.000012 0.000000 0.000042 0.000000 0.000000 0.000000 0.000000 0.000000 0.000000 0.000000 
0.653505 0.000250 0.027904 0.277291 0.000002 0.000225 0.036632 0.000002 0.000027 0.001701 0.000000 0.000036 0.000075 0.002299 0.000002 0.000000 0.000049 0.000000 0.000000 0.000000 0.000000 0.000000 0.000000 0.000000 
0.773526 0.000447 0.059417 0.151204 0.000003 0.000603 0.011047 0.000007 0.000053 0.000998 0.000000 0.000094 0.000065 0.002479 0.000001 0.000000 0.000057 0.000000 0.000000 0.000000 0.000000 0.000000 0.000000 0.000000 
0.796870 0.000743 0.094428 0.097846 0.000002 0.001397 0.005222 0.000018 0.000129 0.001017 0.000000 0.000227 0.000036 0.002020 0.000002 0.000000 0.000044 0.000000 0.000000 0.000000 0.000000 0.000000 0.000000 0.000000 
0.787137 0.001194 0.144544 0.058433 0.000001 0.002770 0.002596 0.000037 0.000283 0.000940 0.000000 0.000521 0.000018 0.001479 0.000004 0.000000 0.000042 0.000000 0.000000 0.000000 0.000000 0.000000 0.000000 0.000000 
0.746555 0.001795 0.210733 0.031289 0.000001 0.004734 0.001525 0.000059 0.000554 0.000736 0.000000 0.001028 0.000008 0.000940 0.000005 0.000000 0.000038 0.000000 0.000000 0.000000 0.000000 0.000000 0.000000 0.000000 
0.692387 0.002320 0.276848 0.016853 0.000000 0.006744 0.001139 0.000076 0.000948 0.000530 0.000000 0.001577 0.000003 0.000548 0.000005 0.000000 0.000023 0.000000 0.000000 0.000000 0.000000 0.000000 0.000000 0.000000 
0.638206 0.002682 0.336682 0.008848 0.000000 0.008002 0.000981 0.000061 0.001592 0.000311 0.000000 0.002257 0.000001 0.000339 0.000008 0.000000 0.000030 0.000000 0.000000 0.000000 0.000000 0.000000 0.000000 0.000000 
0.550663 0.002933 0.425851 0.003509 0.000000 0.010216 0.000713 0.000053 0.002883 0.000146 0.000000 0.002887 0.000000 0.000126 0.000007 0.000000 0.000014 0.000000 0.000000 0.000000 0.000000 0.000000 0.000000 0.000000 
0.408503 0.002602 0.565825 0.000502 0.000000 0.013361 0.000282 0.000022 0.005926 0.000022 0.000000 0.002937 0.000000 0.000012 0.000003 0.000000 0.000002 0.000000 0.000000 0.000000 0.000000 0.000000 0.000000 0.000000 
0.294294 0.001651 0.677984 0.000114 0.000000 0.015751 0.000075 0.000009 0.008254 0.000003 0.000000 0.001858 0.000000 0.000006 0.000001 0.000000 0.000000 0.000000 0.000000 0.000000 0.000000 0.000000 0.000000 0.000000 
0.245788 0.001244 0.726260 0.000119 0.000000 0.016226 0.000030 0.000003 0.008999 0.000000 0.000000 0.001322 0.000000 0.000009 0.000000 0.000000 0.000000 0.000000 0.000000 0.000000 0.000000 0.000000 0.000000 0.000000 
0.128761 0.000290 0.845327 0.000234 0.000000 0.017159 0.000003 0.000000 0.007924 0.000000 0.000000 0.000271 0.000000 0.000030 0.000000 0.000000 0.000001 0.000000 0.000000 0.000000 0.000000 0.000000 0.000000 0.000000 
0.068971 0.000045 0.905022 0.000433 0.000000 0.019201 0.000017 0.000000 0.006229 0.000000 0.000000 0.000066 0.000000 0.000015 0.000000 0.000000 0.000002 0.000000 0.000000 0.000000 0.000000 0.000000 0.000000 0.000000 
0.050180 0.000016 0.922921 0.000370 0.000000 0.020968 0.000035 0.000000 0.005442 0.000000 0.000000 0.000048 0.000000 0.000015 0.000000 0.000000 0.000006 0.000000 0.000000 0.000000 0.000000 0.000000 0.000000 0.000000 
0.018220 0.000001 0.950598 0.000178 0.000000 0.026530 0.000112 0.000000 0.004276 0.000000 0.000000 0.000049 0.000000 0.000007 0.000000 0.000000 0.000028 0.000000 0.000000 0.000000 0.000000 0.000000 0.000000 0.000000 
0.009411 0.000000 0.957437 0.000094 0.000000 0.028773 0.000152 0.000000 0.004038 0.000000 0.000000 0.000047 0.000000 0.000003 0.000000 0.000000 0.000045 0.000000 0.000000 0.000000 0.000000 0.000000 0.000000 0.000000 
0.008327 0.000000 0.959502 0.000045 0.000000 0.027981 0.000145 0.000000 0.003897 0.000000 0.000000 0.000026 0.000000 0.000004 0.000000 0.000000 0.000072 0.000000 0.000000 0.000000 0.000000 0.000000 0.000000 0.000000 
0.006890 0.000000 0.960187 0.000045 0.000000 0.028722 0.000157 0.000000 0.003894 0.000000 0.000000 0.000032 0.000000 0.000003 0.000000 0.000000 0.000072 0.000000 0.000000 0.000000 0.000000 0.000000 0.000000 0.000000 
0.006134 0.000000 0.959847 0.000066 0.000000 0.029742 0.000166 0.000000 0.003917 0.000000 0.000000 0.000049 0.000000 0.000002 0.000000 0.000000 0.000076 0.000000 0.000000 0.000000 0.000000 0.000000 0.000000 0.000000 
0.005226 0.000000 0.963113 0.000020 0.000000 0.027742 0.000136 0.000000 0.003539 0.000000 0.000000 0.000018 0.000000 0.000004 0.000000 0.000000 0.000201 0.000000 0.000000 0.000000 0.000000 0.000000 0.000000 0.000000 
0.004524 0.000001 0.965139 0.000007 0.000000 0.026633 0.000113 0.000000 0.003247 0.000000 0.000000 0.000008 0.000000 0.000005 0.000000 0.000000 0.000323 0.000000 0.000000 0.000000 0.000000 0.000000 0.000000 0.000000 
0.004436 0.000002 0.966618 0.000002 0.000000 0.025422 0.000088 0.000000 0.002945 0.000000 0.000000 0.000003 0.000000 0.000008 0.000000 0.000000 0.000475 0.000000 0.000000 0.000000 0.000000 0.000000 0.000000 0.000000 
0.003988 0.000003 0.968756 0.000001 0.000000 0.023950 0.000058 0.000000 0.002512 0.000000 0.000000 0.000001 0.000000 0.000009 0.000000 0.000000 0.000722 0.000000 0.000000 0.000000 0.000000 0.000000 0.000000 0.000000 
0.003278 0.000006 0.970887 0.000000 0.000000 0.022715 0.000035 0.000000 0.002079 0.000000 0.000000 0.000000 0.000000 0.000009 0.000000 0.000000 0.000989 0.000001 0.000000 0.000000 0.000000 0.000000 0.000000 0.000000 
0.002808 0.000012 0.972679 0.000000 0.000000 0.021560 0.000020 0.000000 0.001679 0.000000 0.000000 0.000000 0.000000 0.000008 0.000000 0.000000 0.001228 0.000003 0.000000 0.000000 0.000000 0.000000 0.000002 0.000000 
0.002418 0.000021 0.974272 0.000000 0.000000 0.020522 0.000010 0.000001 0.001298 0.000001 0.000000 0.000000 0.000000 0.000007 0.000000 0.000000 0.001439 0.000007 0.000000 0.000000 0.000000 0.000000 0.000004 0.000000 
0.001987 0.000033 0.975727 0.000000 0.000000 0.019667 0.000004 0.000003 0.000945 0.000002 0.000000 0.000000 0.000000 0.000005 0.000000 0.000000 0.001604 0.000015 0.000000 0.000000 0.000000 0.000000 0.000009 0.000000 
0.001455 0.000035 0.976803 0.000000 0.000000 0.019259 0.000001 0.000007 0.000671 0.000004 0.000000 0.000000 0.000000 0.000003 0.000000 0.000000 0.001725 0.000024 0.000000 0.000000 0.000000 0.000000 0.000014 0.000000 
0.000935 0.000030 0.977397 0.000000 0.000000 0.019260 0.000000 0.000010 0.000519 0.000007 0.000000 0.000000 0.000000 0.000001 0.000000 0.000000 0.001794 0.000029 0.000000 0.000000 0.000000 0.000000 0.000018 0.000000 
0.000757 0.000100 0.977892 0.000000 0.000002 0.018973 0.000000 0.000015 0.000413 0.000011 0.000000 0.000000 0.000000 0.000001 0.000000 0.000000 0.001771 0.000040 0.000000 0.000000 0.000000 0.000000 0.000026 0.000000 
0.000599 0.000566 0.978135 0.000000 0.000012 0.018562 0.000000 0.000022 0.000298 0.000020 0.000000 0.000000 0.000000 0.000000 0.000000 0.000000 0.001691 0.000057 0.000000 0.000000 0.000000 0.000000 0.000038 0.000000 
0.000483 0.002528 0.976759 0.000000 0.000058 0.018199 0.000000 0.000030 0.000207 0.000031 0.000000 0.000000 0.000001 0.000000 0.000000 0.000000 0.001578 0.000075 0.000000 0.000000 0.000000 0.000001 0.000051 0.000001 
0.000449 0.009294 0.970440 0.000000 0.000215 0.017778 0.000000 0.000036 0.000136 0.000043 0.000000 0.000000 0.000003 0.000000 0.000000 0.000000 0.001437 0.000096 0.000000 0.000000 0.000000 0.000002 0.000066 0.000004 
0.000423 0.026684 0.953257 0.000000 0.000629 0.017310 0.000000 0.000039 0.000082 0.000055 0.000000 0.000000 0.000007 0.000000 0.000000 0.000000 0.001292 0.000125 0.000000 0.000000 0.000000 0.000005 0.000081 0.000011 
0.000405 0.064825 0.915071 0.000000 0.001535 0.016558 0.000000 0.000039 0.000044 0.000063 0.000000 0.000000 0.000013 0.000000 0.000000 0.000000 0.001142 0.000176 0.000000 0.000000 0.000000 0.000012 0.000092 0.000025 
0.000414 0.135833 0.843751 0.000000 0.003235 0.015215 0.000000 0.000035 0.000020 0.000065 0.000000 0.000000 0.000020 0.000000 0.000000 0.000000 0.000971 0.000270 0.000000 0.000000 0.000000 0.000023 0.000099 0.000049 
0.000406 0.244608 0.734353 0.000000 0.005853 0.013224 0.000000 0.000028 0.000007 0.000061 0.000000 0.000000 0.000025 0.000000 0.000000 0.000000 0.000786 0.000433 0.000000 0.000000 0.000000 0.000037 0.000098 0.000081 
0.000447 0.405294 0.572853 0.000000 0.009647 0.010136 0.000000 0.000019 0.000002 0.000049 0.000000 0.000000 0.000027 0.000000 0.000000 0.000000 0.000554 0.000712 0.000000 0.000000 0.000000 0.000051 0.000089 0.000120 
0.000376 0.544828 0.432267 0.000000 0.013121 0.007656 0.000000 0.000012 0.000000 0.000038 0.000000 0.000000 0.000027 0.000000 0.000000 0.000000 0.000392 0.001007 0.000000 0.000000 0.000000 0.000062 0.000072 0.000141 
0.001244 0.528923 0.450199 0.000000 0.011340 0.006720 0.000000 0.000011 0.000001 0.000034 0.000000 0.000000 0.000020 0.000000 0.000000 0.000000 0.000316 0.000879 0.000000 0.000000 0.000000 0.000045 0.000093 0.000174 
0.006573 0.466341 0.513400 0.000005 0.007593 0.004937 0.000000 0.000008 0.000012 0.000056 0.000000 0.000000 0.000009 0.000000 0.000000 0.000000 0.000178 0.000543 0.000000 0.000000 0.000000 0.000018 0.000108 0.000220 
0.015305 0.449712 0.523984 0.000019 0.006349 0.003657 0.000000 0.000005 0.000033 0.000086 0.000000 0.000000 0.000005 0.000000 0.000000 0.000000 0.000102 0.000421 0.000000 0.000000 0.000000 0.000009 0.000091 0.000222 
0.032870 0.438931 0.519253 0.000056 0.005558 0.002488 0.000000 0.000002 0.000074 0.000120 0.000000 0.000000 0.000003 0.000000 0.000000 0.000000 0.000047 0.000324 0.000000 0.000000 0.000000 0.000004 0.000065 0.000205 
0.064668 0.410737 0.517075 0.000150 0.004875 0.001726 0.000000 0.000001 0.000150 0.000144 0.000000 0.000000 0.000004 0.000000 0.000000 0.000000 0.000020 0.000239 0.000000 0.000000 0.000000 0.000001 0.000044 0.000165 
0.300737 0.325884 0.365608 0.002066 0.004097 0.000744 0.000000 0.000000 0.000527 0.000117 0.000002 0.000000 0.000037 0.000000 0.000000 0.000000 0.000000 0.000114 0.000000 0.000000 0.000000 0.000000 0.000016 0.000051 
0.506937 0.294492 0.185491 0.007359 0.004238 0.000614 0.000003 0.000000 0.000455 0.000232 0.000018 0.000000 0.000054 0.000000 0.000000 0.000000 0.000000 0.000070 0.000000 0.000000 0.000000 0.000000 0.000005 0.000033 
0.634421 0.201641 0.145155 0.014012 0.003083 0.000485 0.000015 0.000000 0.000467 0.000596 0.000019 0.000000 0.000064 0.000000 0.000000 0.000000 0.000000 0.000024 0.000000 0.000000 0.000000 0.000000 0.000004 0.000015 
0.793623 0.091533 0.071188 0.038903 0.001476 0.000212 0.000209 0.000000 0.000280 0.002512 0.000012 0.000000 0.000047 0.000000 0.000000 0.000000 0.000000 0.000001 0.000000 0.000000 0.000000 0.000000 0.000001 0.000002 
0.821532 0.059521 0.056070 0.057018 0.000884 0.000153 0.000518 0.000000 0.000216 0.004047 0.000005 0.000000 0.000034 0.000001 0.000000 0.000000 0.000000 0.000000 0.000000 0.000000 0.000000 0.000000 0.000000 0.000000 
0.813510 0.032046 0.035598 0.109092 0.000408 0.000094 0.002149 0.000000 0.000123 0.006956 0.000001 0.000000 0.000012 0.000009 0.000001 0.000000 0.000000 0.000000 0.000002 0.000000 0.000000 0.000000 0.000000 0.000000 
0.780942 0.024632 0.021091 0.159962 0.000319 0.000042 0.004711 0.000000 0.000061 0.008202 0.000001 0.000001 0.000005 0.000025 0.000003 0.000000 0.000000 0.000000 0.000004 0.000000 0.000000 0.000000 0.000000 0.000000 
0.721480 0.017030 0.012573 0.229723 0.000212 0.000027 0.010221 0.000000 0.000033 0.008622 0.000000 0.000003 0.000002 0.000057 0.000007 0.000000 0.000000 0.000000 0.000009 0.000000 0.000000 0.000000 0.000000 0.000000 
0.519155 0.004706 0.002641 0.425924 0.000040 0.000045 0.040480 0.000002 0.000005 0.006741 0.000000 0.000022 0.000001 0.000181 0.000029 0.000000 0.000000 0.000000 0.000027 0.000000 0.000000 0.000000 0.000000 0.000000 
0.211912 0.000200 0.000044 0.583678 0.000000 0.000098 0.196103 0.000021 0.000001 0.007561 0.000000 0.000075 0.000000 0.000224 0.000057 0.000001 0.000000 0.000000 0.000025 0.000000 0.000000 0.000000 0.000000 0.000000 
0.142630 0.000055 0.000010 0.560877 0.000000 0.000090 0.280791 0.000028 0.000001 0.015088 0.000000 0.000076 0.000000 0.000267 0.000071 0.000001 0.000000 0.000001 0.000016 0.000000 0.000000 0.000000 0.000000 0.000000 
0.087457 0.000012 0.000001 0.501823 0.000000 0.000067 0.378002 0.000033 0.000001 0.031973 0.000000 0.000071 0.000001 0.000422 0.000123 0.000001 0.000002 0.000004 0.000008 0.000000 0.000000 0.000000 0.000000 0.000000 
0.055402 0.000012 0.000000 0.420726 0.000000 0.000047 0.462515 0.000030 0.000002 0.060226 0.000000 0.000056 0.000003 0.000707 0.000246 0.000003 0.000006 0.000016 0.000003 0.000000 0.000000 0.000000 0.000000 0.000000 
0.038059 0.000015 0.000000 0.348050 0.000000 0.000039 0.520202 0.000024 0.000000 0.091762 0.000000 0.000034 0.000006 0.001438 0.000304 0.000008 0.000022 0.000035 0.000002 0.000000 0.000000 0.000000 0.000000 0.000000 
0.021235 0.000027 0.000000 0.244572 0.000000 0.000027 0.577473 0.000016 0.000000 0.153570 0.000000 0.000018 0.000015 0.002272 0.000604 0.000015 0.000051 0.000104 0.000000 0.000000 0.000000 0.000000 0.000000 0.000000 
0.012125 0.000037 0.000000 0.169610 0.000000 0.000022 0.594840 0.000010 0.000000 0.219016 0.000000 0.000009 0.000029 0.002938 0.001032 0.000022 0.000088 0.000222 0.000000 0.000000 0.000000 0.000000 0.000000 0.000000 
0.006533 0.000037 0.000000 0.107747 0.000000 0.000019 0.573123 0.000005 0.000000 0.305888 0.000000 0.000003 0.000057 0.004418 0.001493 0.000038 0.000197 0.000443 0.000000 0.000000 0.000000 0.000000 0.000000 0.000000 
0.002701 0.000038 0.000000 0.055523 0.000000 0.000016 0.502442 0.000002 0.000000 0.429759 0.000000 0.000001 0.000123 0.005480 0.002688 0.000048 0.000310 0.000871 0.000000 0.000000 0.000000 0.000000 0.000000 0.000000 
0.001031 0.000033 0.000000 0.027402 0.000000 0.000012 0.413009 0.000000 0.000000 0.545567 0.000000 0.000000 0.000228 0.006362 0.004539 0.000060 0.000396 0.001360 0.000000 0.000000 0.000000 0.000000 0.000000 0.000000 
0.000350 0.000024 0.000000 0.013049 0.000000 0.000008 0.317681 0.000000 0.000000 0.650139 0.000000 0.000000 0.000418 0.008077 0.007828 0.000085 0.000483 0.001856 0.000000 0.000000 0.000000 0.000000 0.000000 0.000002 
0.000100 0.000015 0.000000 0.005812 0.000000 0.000004 0.221248 0.000000 0.000000 0.742291 0.000000 0.000000 0.000787 0.012713 0.013906 0.000144 0.000634 0.002339 0.000000 0.000000 0.000000 0.000000 0.000000 0.000007 
0.000002 0.000007 0.000000 0.000552 0.000000 0.000000 0.060315 0.000000 0.000000 0.861213 0.000001 0.000001 0.002404 0.037841 0.032777 0.000358 0.001183 0.003316 0.000001 0.000000 0.000000 0.000000 0.000000 0.000030 
0.000005 0.000003 0.000000 0.000658 0.000000 0.000000 0.064705 0.000000 0.000000 0.837650 0.000000 0.000002 0.002363 0.014231 0.075163 0.000375 0.000502 0.004265 0.000000 0.000000 0.000000 0.000000 0.000000 0.000075 
0.000027 0.000001 0.000000 0.000486 0.000000 0.000000 0.048023 0.000000 0.000000 0.770642 0.000000 0.000009 0.003422 0.004602 0.164450 0.000440 0.000184 0.007552 0.000000 0.000000 0.000000 0.000000 0.000000 0.000162 
0.000114 0.000001 0.000000 0.000368 0.000000 0.000000 0.027799 0.000000 0.000000 0.654341 0.000000 0.000022 0.005195 0.001153 0.295417 0.000478 0.000052 0.014800 0.000000 0.000000 0.000000 0.000000 0.000000 0.000261 
0.000424 0.000002 0.000000 0.000294 0.000000 0.000000 0.010759 0.000000 0.000000 0.499577 0.000000 0.000045 0.007335 0.000241 0.453947 0.000468 0.000011 0.026585 0.000000 0.000000 0.000000 0.000000 0.000000 0.000312 
0.001080 0.000006 0.000000 0.000231 0.000000 0.000000 0.004051 0.000000 0.000000 0.374603 0.000000 0.000068 0.008404 0.000060 0.573981 0.000402 0.000002 0.036841 0.000000 0.000000 0.000000 0.000000 0.000000 0.000270 
0.002070 0.000018 0.000000 0.000176 0.000000 0.000000 0.001648 0.000000 0.000000 0.288836 0.000000 0.000085 0.008304 0.000030 0.655337 0.000356 0.000001 0.042950 0.000000 0.000000 0.000000 0.000000 0.000000 0.000188 
0.003297 0.000042 0.000000 0.000143 0.000000 0.000000 0.000912 0.000000 0.000000 0.245211 0.000000 0.000099 0.007475 0.000077 0.699288 0.000389 0.000001 0.042961 0.000000 0.000000 0.000000 0.000000 0.000000 0.000105 
0.004272 0.000080 0.000000 0.000179 0.000000 0.000000 0.001191 0.000000 0.000000 0.250705 0.000000 0.000105 0.006251 0.000314 0.699074 0.000525 0.000005 0.037251 0.000000 0.000000 0.000000 0.000000 0.000000 0.000046 
0.004336 0.000051 0.000000 0.000136 0.000000 0.000000 0.000856 0.000000 0.000000 0.216702 0.000000 0.000097 0.006182 0.000090 0.725212 0.000398 0.000001 0.045879 0.000000 0.000000 0.000000 0.000000 0.000000 0.000062 
0.005374 0.000036 0.000000 0.000116 0.000000 0.000000 0.000830 0.000000 0.000000 0.173926 0.000000 0.000082 0.004726 0.000032 0.759268 0.000317 0.000000 0.055250 0.000000 0.000000 0.000000 0.000000 0.000000 0.000043 
0.005992 0.000026 0.000000 0.000112 0.000000 0.000000 0.000931 0.000000 0.000000 0.151886 0.000000 0.000071 0.003799 0.000012 0.775971 0.000271 0.000000 0.060891 0.000000 0.000000 0.000000 0.000000 0.000000 0.000037 
0.004258 0.000011 0.000000 0.000154 0.000000 0.000000 0.000710 0.000000 0.000000 0.152986 0.000000 0.000075 0.004377 0.000009 0.768484 0.000170 0.000000 0.068681 0.000000 0.000000 0.000000 0.000000 0.000000 0.000084 
0.002844 0.000005 0.000000 0.000229 0.000000 0.000000 0.001062 0.000000 0.000000 0.177146 0.000000 0.000077 0.004633 0.000011 0.742648 0.000136 0.000000 0.071064 0.000000 0.000000 0.000000 0.000000 0.000000 0.000146 
0.001759 0.000001 0.000000 0.000310 0.000000 0.000000 0.002169 0.000000 0.000000 0.222033 0.000000 0.000075 0.004613 0.000015 0.700161 0.000141 0.000000 0.068505 0.000000 0.000000 0.000000 0.000000 0.000000 0.000218 
0.001015 0.000000 0.000000 0.000378 0.000000 0.000000 0.005108 0.000000 0.000000 0.293598 0.000000 0.000067 0.004498 0.000017 0.634892 0.000177 0.000000 0.059971 0.000000 0.000000 0.000000 0.000000 0.000000 0.000279 
0.000517 0.000000 0.000000 0.000421 0.000000 0.000000 0.012818 0.000000 0.000000 0.392067 0.000000 0.000053 0.004073 0.000020 0.542413 0.000213 0.000000 0.047091 0.000000 0.000000 0.000000 0.000000 0.000000 0.000315 
0.000198 0.000000 0.000000 0.000490 0.000000 0.000000 0.032670 0.000000 0.000000 0.516085 0.000000 0.000033 0.003137 0.000031 0.415152 0.000222 0.000000 0.031689 0.000000 0.000000 0.000000 0.000000 0.000000 0.000293 
0.000065 0.000000 0.000000 0.000793 0.000000 0.000000 0.075143 0.000000 0.000000 0.614030 0.000000 0.000016 0.001771 0.000047 0.287959 0.000158 0.000000 0.019808 0.000000 0.000000 0.000000 0.000000 0.000000 0.000209 
0.000032 0.000000 0.000000 0.001781 0.000000 0.000000 0.135408 0.000000 0.000000 0.655894 0.000000 0.000007 0.000843 0.000069 0.193134 0.000088 0.000000 0.012620 0.000000 0.000000 0.000000 0.000000 0.000000 0.000123 
0.000069 0.000001 0.000000 0.004515 0.000000 0.000000 0.211505 0.000000 0.000000 0.651153 0.000000 0.000002 0.000325 0.000097 0.123989 0.000037 0.000000 0.008247 0.000000 0.000000 0.000000 0.000000 0.000000 0.000060 
0.000274 0.000000 0.000000 0.011781 0.000000 0.000000 0.304587 0.000000 0.000000 0.606214 0.000000 0.000001 0.000087 0.000121 0.071613 0.000010 0.000000 0.005291 0.000000 0.000000 0.000000 0.000000 0.000000 0.000021 
0.000722 0.000000 0.000000 0.024072 0.000000 0.000000 0.359689 0.000000 0.000001 0.568071 0.000000 0.000000 0.000019 0.000111 0.043273 0.000002 0.000000 0.004035 0.000000 0.000000 0.000000 0.000000 0.000000 0.000006 
0.016124 0.000006 0.957088 0.000014 0.000000 0.022952 0.000060 0.000000 0.003511 0.000000 0.000000 0.000004 0.000000 0.000032 0.000000 0.000000 0.000209 0.000000 0.000000 0.000000 0.000000 0.000000 0.000000 0.000000 
0.023221 0.019827 0.950377 0.000016 0.000159 0.005536 0.000000 0.000004 0.000185 0.000083 0.000000 0.000000 0.000001 0.000014 0.000000 0.000000 0.000291 0.000188 0.000000 0.000000 0.000000 0.000000 0.000085 0.000011 
0.003298 0.125542 0.857048 0.000001 0.002089 0.010885 0.000000 0.000022 0.000024 0.000060 0.000000 0.000000 0.000009 0.000000 0.000000 0.000000 0.000577 0.000220 0.000000 0.000000 0.000000 0.000010 0.000142 0.000074 
0.000952 0.258616 0.721576 0.000000 0.005663 0.011765 0.000000 0.000024 0.000006 0.000055 0.000000 0.000000 0.000022 0.000000 0.000000 0.000000 0.000654 0.000417 0.000000 0.000000 0.000000 0.000033 0.000117 0.000101 
0.000546 0.563652 0.413848 0.000000 0.013197 0.007019 0.000000 0.000011 0.000000 0.000035 0.000000 0.000000 0.000024 0.000000 0.000000 0.000000 0.000349 0.001034 0.000000 0.000000 0.000000 0.000058 0.000075 0.000151 
0.000013 0.000006 0.000000 0.001570 0.000000 0.000001 0.120965 0.000000 0.000000 0.795712 0.000000 0.000001 0.001473 0.004015 0.071988 0.000258 0.000187 0.003747 0.000000 0.000000 0.000000 0.000000 0.000000 0.000063 
0.000009 0.000003 0.000000 0.000757 0.000000 0.000000 0.072450 0.000000 0.000000 0.802929 0.000000 0.000004 0.002407 0.005135 0.110443 0.000368 0.000214 0.005173 0.000000 0.000000 0.000000 0.000000 0.000000 0.000109 
0.003817 0.000022 0.000000 0.000141 0.000000 0.000000 0.000715 0.000000 0.000000 0.189332 0.000000 0.000086 0.005853 0.000020 0.741781 0.000252 0.000000 0.057889 0.000000 0.000000 0.000000 0.000000 0.000000 0.000092 
0.006203 0.000001 0.964123 0.000008 0.000000 0.025962 0.000103 0.000000 0.003273 0.000000 0.000000 0.000007 0.000000 0.000009 0.000000 0.000000 0.000310 0.000000 0.000000 0.000000 0.000000 0.000000 0.000000 0.000000 
0.010269 0.000019 0.964734 0.000001 0.000000 0.021700 0.000038 0.000000 0.002612 0.000000 0.000000 0.000001 0.000000 0.000035 0.000000 0.000000 0.000589 0.000001 0.000000 0.000000 0.000000 0.000000 0.000000 0.000000 
0.022941 0.000656 0.962714 0.000000 0.000000 0.011747 0.000001 0.000001 0.001128 0.000001 0.000000 0.000000 0.000000 0.000093 0.000000 0.000000 0.000656 0.000049 0.000000 0.000000 0.000000 0.000000 0.000014 0.000000 
0.004628 0.000018 0.000000 0.000129 0.000000 0.000000 0.000648 0.000000 0.000000 0.157545 0.000000 0.000078 0.004685 0.000011 0.767823 0.000210 0.000000 0.064158 0.000000 0.000000 0.000000 0.000000 0.000000 0.000067 
0.000660 0.094394 0.885994 0.000000 0.002127 0.015318 0.000000 0.000036 0.000029 0.000061 0.000000 0.000000 0.000015 0.000000 0.000000 0.000000 0.000992 0.000212 0.000000 0.000000 0.000000 0.000015 0.000107 0.000040 
0.000534 0.289929 0.689160 0.000000 0.006782 0.012065 0.000000 0.000024 0.000004 0.000057 0.000000 0.000000 0.000026 0.000000 0.000000 0.000000 0.000686 0.000491 0.000000 0.000000 0.000000 0.000041 0.000103 0.000098 
0.002831 0.000023 0.000000 0.000158 0.000000 0.000000 0.001013 0.000000 0.000000 0.240089 0.000000 0.000090 0.007376 0.000027 0.698930 0.000312 0.000000 0.049011 0.000000 0.000000 0.000000 0.000000 0.000000 0.000139 
0.000181 0.000000 0.000000 0.000338 0.000000 0.000000 0.017258 0.000000 0.000000 0.571819 0.000000 0.000032 0.006098 0.000304 0.382014 0.000472 0.000014 0.021154 0.000000 0.000000 0.000000 0.000000 0.000000 0.000315 
0.004940 0.000009 0.969147 0.000000 0.000000 0.022721 0.000041 0.000000 0.002300 0.000000 0.000000 0.000000 0.000000 0.000015 0.000000 0.000000 0.000826 0.000001 0.000000 0.000000 0.000000 0.000000 0.000000 0.000000 
0.001513 0.000008 0.000000 0.000227 0.000000 0.000000 0.002398 0.000000 0.000000 0.307872 0.000000 0.000076 0.007756 0.000023 0.633591 0.000326 0.000000 0.045974 0.000000 0.000000 0.000000 0.000000 0.000000 0.000237 
0.003542 0.000759 0.978531 0.000000 0.000006 0.015308 0.000000 0.000011 0.000344 0.000011 0.000000 0.000000 0.000000 0.000006 0.000000 0.000000 0.001345 0.000087 0.000000 0.000000 0.000000 0.000000 0.000048 0.000000 
0.000555 0.185398 0.794331 0.000000 0.004299 0.013916 0.000000 0.000031 0.000011 0.000062 0.000000 0.000000 0.000022 0.000000 0.000000 0.000000 0.000838 0.000331 0.000000 0.000000 0.000000 0.000029 0.000108 0.000069 
0.003703 0.000012 0.971426 0.000000 0.000000 0.021842 0.000025 0.000000 0.001899 0.000000 0.000000 0.000000 0.000000 0.000012 0.000000 0.000000 0.001076 0.000002 0.000000 0.000000 0.000000 0.000000 0.000001 0.000000 
0.002118 0.000003 0.000000 0.000263 0.000000 0.000000 0.001475 0.000000 0.000000 0.210779 0.000000 0.000077 0.005211 0.000013 0.712805 0.000160 0.000000 0.066905 0.000000 0.000000 0.000000 0.000000 0.000000 0.000189 
0.000770 0.017526 0.962875 0.000000 0.000377 0.016769 0.000000 0.000035 0.000104 0.000046 0.000000 0.000000 0.000005 0.000000 0.000000 0.000000 0.001279 0.000120 0.000000 0.000000 0.000000 0.000003 0.000083 0.000009 
0.000803 0.001547 0.977811 0.000000 0.000030 0.017820 0.000000 0.000025 0.000242 0.000024 0.000000 0.000000 0.000001 0.000000 0.000000 0.000000 0.001571 0.000074 0.000000 0.000000 0.000000 0.000000 0.000050 0.000001 
0.000545 0.041753 0.938509 0.000000 0.000952 0.016631 0.000000 0.000039 0.000059 0.000058 0.000000 0.000000 0.000009 0.000000 0.000000 0.000000 0.001178 0.000148 0.000000 0.000000 0.000000 0.000008 0.000093 0.000018 
0.002785 0.000039 0.974847 0.000000 0.000000 0.019687 0.000006 0.000002 0.001124 0.000001 0.000000 0.000000 0.000000 0.000009 0.000000 0.000000 0.001482 0.000012 0.000000 0.000000 0.000000 0.000000 0.000007 0.000000 
0.001328 0.000001 0.000000 0.000335 0.000000 0.000000 0.002951 0.000000 0.000000 0.258733 0.000000 0.000072 0.004981 0.000016 0.667998 0.000175 0.000000 0.063158 0.000000 0.000000 0.000000 0.000000 0.000000 0.000252 
0.001396 0.000003 0.000000 0.000290 0.000000 0.000000 0.002683 0.000000 0.000000 0.278431 0.000000 0.000073 0.006137 0.000016 0.654229 0.000234 0.000000 0.056260 0.000000 0.000000 0.000000 0.000000 0.000000 0.000248 
0.001259 0.000067 0.977520 0.000000 0.000000 0.018827 0.000000 0.000010 0.000517 0.000007 0.000000 0.000000 0.000000 0.000002 0.000000 0.000000 0.001733 0.000035 0.000000 0.000000 0.000000 0.000000 0.000022 0.000000 
0.002820 0.000089 0.976306 0.000000 0.000000 0.018393 0.000002 0.000005 0.000770 0.000003 0.000000 0.000000 0.000000 0.000009 0.000000 0.000000 0.001559 0.000028 0.000000 0.000000 0.000000 0.000000 0.000016 0.000000 
0.000745 0.000001 0.000000 0.000373 0.000000 0.000000 0.006637 0.000000 0.000000 0.347415 0.000000 0.000061 0.005115 0.000019 0.588255 0.000239 0.000000 0.050834 0.000000 0.000000 0.000000 0.000000 0.000000 0.000306 
0.001117 0.047849 0.933335 0.000000 0.000975 0.015238 0.000000 0.000034 0.000054 0.000054 0.000000 0.000000 0.000008 0.000000 0.000000 0.000000 0.001033 0.000162 0.000000 0.000000 0.000000 0.000007 0.000109 0.000024 
0.000997 0.000307 0.978246 0.000000 0.000005 0.018285 0.000000 0.000017 0.000360 0.000014 0.000000 0.000000 0.000000 0.000001 0.000000 0.000000 0.001680 0.000054 0.000000 0.000000 0.000000 0.000000 0.000035 0.000000 
0.001725 0.001206 0.978344 0.000000 0.000018 0.016766 0.000000 0.000018 0.000287 0.000017 0.000000 0.000000 0.000000 0.000002 0.000000 0.000000 0.001484 0.000081 0.000000 0.000000 0.000000 0.000000 0.000051 0.000001 
0.497483 0.000067 0.012734 0.420275 0.000000 0.000186 0.065499 0.000001 0.000113 0.003258 0.000000 0.000014 0.000015 0.000351 0.000004 0.000000 0.000000 0.000000 0.000001 0.000000 0.000000 0.000000 0.000000 0.000000 
0.039464 0.000012 0.000006 0.297426 0.000000 0.000037 0.575638 0.000002 0.000049 0.085984 0.000000 0.000016 0.000022 0.000075 0.001233 0.000000 0.000000 0.000035 0.000000 0.000000 0.000000 0.000000 0.000000 0.000000 
0.002774 0.000001 0.000000 0.050041 0.000000 0.000002 0.508701 0.000000 0.000006 0.416522 0.000000 0.000000 0.000004 0.000127 0.020171 0.000000 0.000000 0.001651 0.000000 0.000000 0.000000 0.000000 0.000000 0.000001 
0.035413 0.000011 0.938861 0.000070 0.000000 0.021040 0.000040 0.000000 0.004446 0.000000 0.000000 0.000010 0.000000 0.000044 0.000000 0.000000 0.000065 0.000000 0.000000 0.000000 0.000000 0.000000 0.000000 0.000000 
0.013439 0.000001 0.956114 0.000063 0.000000 0.026204 0.000114 0.000000 0.003955 0.000000 0.000000 0.000023 0.000000 0.000011 0.000000 0.000000 0.000078 0.000000 0.000000 0.000000 0.000000 0.000000 0.000000 0.000000 
0.147114 0.000772 0.831890 0.000010 0.000000 0.013642 0.000001 0.000010 0.006168 0.000000 0.000000 0.000289 0.000000 0.000089 0.000000 0.000000 0.000009 0.000003 0.000000 0.000000 0.000000 0.000000 0.000002 0.000000 
0.003880 0.334837 0.646576 0.000002 0.005862 0.007675 0.000000 0.000014 0.000009 0.000054 0.000000 0.000000 0.000013 0.000000 0.000000 0.000000 0.000342 0.000421 0.000000 0.000000 0.000000 0.000022 0.000129 0.000164 
0.001694 0.365919 0.614663 0.000000 0.007446 0.008905 0.000000 0.000017 0.000004 0.000046 0.000000 0.000000 0.000020 0.000000 0.000000 0.000000 0.000442 0.000543 0.000000 0.000000 0.000000 0.000034 0.000119 0.000148 
0.000779 0.398233 0.580824 0.000000 0.009011 0.009614 0.000000 0.000018 0.000002 0.000046 0.000000 0.000000 0.000025 0.000000 0.000000 0.000000 0.000506 0.000662 0.000000 0.000000 0.000000 0.000046 0.000101 0.000132 
0.000049 0.000012 0.000000 0.003505 0.000000 0.000003 0.175722 0.000000 0.000000 0.775511 0.000000 0.000000 0.000996 0.007512 0.033423 0.000186 0.000349 0.002709 0.000000 0.000000 0.000000 0.000000 0.000000 0.000024 
0.000107 0.000009 0.000000 0.004065 0.000000 0.000001 0.255599 0.000000 0.000000 0.667696 0.000000 0.000000 0.000328 0.000209 0.068038 0.000054 0.000007 0.003857 0.000000 0.000000 0.000000 0.000000 0.000000 0.000029 
0.007327 0.000000 0.961086 0.000029 0.000000 0.027546 0.000136 0.000000 0.003719 0.000000 0.000000 0.000020 0.000000 0.000006 0.000000 0.000000 0.000132 0.000000 0.000000 0.000000 0.000000 0.000000 0.000000 0.000000 
0.000029 0.000001 0.000000 0.000503 0.000000 0.000000 0.050419 0.000000 0.000000 0.737004 0.000000 0.000010 0.003461 0.001790 0.197008 0.000418 0.000081 0.009085 0.000000 0.000000 0.000000 0.000000 0.000000 0.000190 
0.000011 0.000003 0.000000 0.000895 0.000000 0.000000 0.090347 0.000000 0.000000 0.767869 0.000000 0.000004 0.002069 0.001740 0.130482 0.000306 0.000084 0.006070 0.000000 0.000000 0.000000 0.000000 0.000000 0.000120 
0.000070 0.000000 0.000000 0.000401 0.000000 0.000000 0.032637 0.000000 0.000000 0.649717 0.000000 0.000020 0.004493 0.000505 0.296032 0.000432 0.000024 0.015399 0.000000 0.000000 0.000000 0.000000 0.000000 0.000269 
0.000026 0.000001 0.000000 0.000710 0.000000 0.000000 0.081788 0.000000 0.000000 0.679450 0.000000 0.000010 0.001962 0.000178 0.222666 0.000224 0.000008 0.012797 0.000000 0.000000 0.000000 0.000000 0.000000 0.000180 
0.000023 0.000007 0.000000 0.001859 0.000000 0.000001 0.149645 0.000000 0.000000 0.760106 0.000000 0.000001 0.001105 0.001376 0.081474 0.000191 0.000070 0.004079 0.000000 0.000000 0.000000 0.000000 0.000000 0.000062 
0.000024 0.000001 0.000000 0.000587 0.000000 0.000000 0.064223 0.000000 0.000000 0.708191 0.000000 0.000010 0.002795 0.000596 0.212294 0.000331 0.000029 0.010724 0.000000 0.000000 0.000000 0.000000 0.000000 0.000193 
0.000065 0.000000 0.000000 0.000460 0.000000 0.000000 0.041729 0.000000 0.000000 0.627389 0.000000 0.000019 0.003461 0.000174 0.307910 0.000329 0.000008 0.018191 0.000000 0.000000 0.000000 0.000000 0.000000 0.000264 
0.010358 0.000006 0.962383 0.000006 0.000000 0.023655 0.000067 0.000000 0.003148 0.000000 0.000000 0.000003 0.000000 0.000024 0.000000 0.000000 0.000351 0.000000 0.000000 0.000000 0.000000 0.000000 0.000000 0.000000 
0.003914 0.000030 0.972804 0.000000 0.000000 0.020436 0.000013 0.000001 0.001527 0.000000 0.000000 0.000000 0.000000 0.000015 0.000000 0.000000 0.001252 0.000006 0.000000 0.000000 0.000000 0.000000 0.000003 0.000000 
0.001525 0.104861 0.876833 0.000000 0.002050 0.013391 0.000000 0.000030 0.000026 0.000056 0.000000 0.000000 0.000012 0.000000 0.000000 0.000000 0.000805 0.000216 0.000000 0.000000 0.000000 0.000013 0.000128 0.000053 
0.002524 0.058925 0.923421 0.000000 0.000999 0.012858 0.000000 0.000027 0.000046 0.000054 0.000000 0.000000 0.000007 0.000000 0.000000 0.000000 0.000792 0.000178 0.000000 0.000000 0.000000 0.000006 0.000128 0.000036 
0.002432 0.000010 0.000000 0.000204 0.000000 0.000000 0.001214 0.000000 0.000000 0.224882 0.000000 0.000081 0.006395 0.000014 0.705752 0.000226 0.000000 0.058621 0.000000 0.000000 0.000000 0.000000 0.000000 0.000168 
0.000639 0.004970 0.974821 0.000000 0.000107 0.017602 0.000000 0.000032 0.000167 0.000035 0.000000 0.000000 0.000002 0.000000 0.000000 0.000000 0.001468 0.000090 0.000000 0.000000 0.000000 0.000001 0.000063 0.000002 
0.760072 0.007799 0.130475 0.091738 0.000019 0.001194 0.001693 0.000007 0.000820 0.006160 0.000000 0.000001 0.000010 0.000009 0.000000 0.000000 0.000000 0.000000 0.000000 0.000000 0.000000 0.000000 0.000001 0.000000 
0.737331 0.000874 0.136011 0.113725 0.000000 0.003259 0.004744 0.000087 0.000877 0.002595 0.000000 0.000132 0.000001 0.000363 0.000000 0.000000 0.000000 0.000000 0.000000 0.000000 0.000000 0.000000 0.000000 0.000000 
0.453816 0.000460 0.004371 0.469263 0.000001 0.000051 0.067054 0.000002 0.000029 0.004556 0.000000 0.000036 0.000003 0.000335 0.000014 0.000000 0.000000 0.000000 0.000011 0.000000 0.000000 0.000000 0.000000 0.000000 
0.020638 0.000031 0.000000 0.226327 0.000000 0.000016 0.606198 0.000009 0.000005 0.144785 0.000000 0.000021 0.000011 0.000469 0.001375 0.000001 0.000005 0.000109 0.000000 0.000000 0.000000 0.000000 0.000000 0.000000 
0.000745 0.000000 0.000000 0.022619 0.000000 0.000000 0.380451 0.000000 0.000001 0.549702 0.000000 0.000000 0.000019 0.000127 0.042727 0.000002 0.000000 0.003600 0.000000 0.000000 0.000000 0.000000 0.000000 0.000006 
0.003454 0.000000 0.000000 0.061592 0.000000 0.000002 0.459619 0.000000 0.000005 0.452178 0.000000 0.000000 0.000004 0.000096 0.020896 0.000000 0.000000 0.002152 0.000000 0.000000 0.000000 0.000000 0.000000 0.000000 
0.086096 0.000087 0.890458 0.000064 0.000000 0.017025 0.000005 0.000000 0.006112 0.000000 0.000000 0.000055 0.000000 0.000080 0.000000 0.000000 0.000018 0.000000 0.000000 0.000000 0.000000 0.000000 0.000000 0.000000 
0.043959 0.000012 0.929659 0.000179 0.000000 0.021043 0.000039 0.000000 0.005035 0.000000 0.000000 0.000024 0.000000 0.000029 0.000000 0.000000 0.000022 0.000000 0.000000 0.000000 0.000000 0.000000 0.000000 0.000000 
0.026143 0.000003 0.945635 0.000119 0.000000 0.023574 0.000073 0.000000 0.004366 0.000000 0.000000 0.000023 0.000000 0.000020 0.000000 0.000000 0.000044 0.000000 0.000000 0.000000 0.000000 0.000000 0.000000 0.000000 
0.020348 0.000004 0.952134 0.000042 0.000000 0.023335 0.000069 0.000000 0.003920 0.000000 0.000000 0.000009 0.000000 0.000028 0.000000 0.000000 0.000110 0.000000 0.000000 0.000000 0.000000 0.000000 0.000000 0.000000 
0.011343 0.000002 0.959684 0.000020 0.000000 0.025071 0.000093 0.000000 0.003576 0.000000 0.000000 0.000009 0.000000 0.000016 0.000000 0.000000 0.000187 0.000000 0.000000 0.000000 0.000000 0.000000 0.000000 0.000000 
0.183836 0.000590 0.791113 0.000024 0.000000 0.016189 0.000006 0.000010 0.007572 0.000000 0.000000 0.000607 0.000000 0.000049 0.000000 0.000000 0.000002 0.000000 0.000000 0.000000 0.000000 0.000000 0.000000 0.000000 
0.079236 0.255123 0.659828 0.000210 0.002811 0.002021 0.000000 0.000001 0.000270 0.000165 0.000000 0.000000 0.000006 0.000001 0.000000 0.000000 0.000030 0.000139 0.000000 0.000000 0.000000 0.000001 0.000054 0.000104 
0.002825 0.495828 0.484631 0.000001 0.009364 0.005987 0.000000 0.000010 0.000003 0.000039 0.000000 0.000000 0.000015 0.000000 0.000000 0.000000 0.000254 0.000703 0.000000 0.000000 0.000000 0.000031 0.000107 0.000201 
0.000297 0.000026 0.000000 0.009398 0.000000 0.000005 0.315283 0.000000 0.000000 0.644555 0.000000 0.000000 0.000302 0.001212 0.026852 0.000054 0.000059 0.001947 0.000000 0.000000 0.000000 0.000000 0.000000 0.000009 
0.000213 0.000023 0.000000 0.008950 0.000000 0.000006 0.276155 0.000000 0.000000 0.690070 0.000000 0.000000 0.000511 0.005446 0.016168 0.000098 0.000299 0.002053 0.000000 0.000000 0.000000 0.000000 0.000000 0.000007 
0.000072 0.000000 0.000000 0.000564 0.000000 0.000000 0.054666 0.000000 0.000000 0.608432 0.000000 0.000019 0.002466 0.000064 0.312539 0.000224 0.000002 0.020708 0.000000 0.000000 0.000000 0.000000 0.000000 0.000244 
0.000020 0.000002 0.000000 0.001364 0.000000 0.000000 0.141519 0.000000 0.000000 0.695477 0.000000 0.000004 0.000931 0.000139 0.151617 0.000123 0.000005 0.008697 0.000000 0.000000 0.000000 0.000000 0.000000 0.000102 
0.006522 0.000027 0.969531 0.000000 0.000000 0.020926 0.000023 0.000000 0.002008 0.000000 0.000000 0.000000 0.000000 0.000026 0.000000 0.000000 0.000935 0.000002 0.000000 0.000000 0.000000 0.000000 0.000001 0.000000 
0.005115 0.000086 0.973737 0.000000 0.000000 0.018519 0.000005 0.000002 0.001180 0.000001 0.000000 0.000000 0.000000 0.000021 0.000000 0.000000 0.001311 0.000016 0.000000 0.000000 0.000000 0.000000 0.000007 0.000000 
0.008042 0.000074 0.970302 0.000000 0.000000 0.018860 0.000010 0.000001 0.001635 0.000000 0.000000 0.000000 0.000000 0.000036 0.000000 0.000000 0.001030 0.000008 0.000000 0.000000 0.000000 0.000000 0.000003 0.000000 
0.002069 0.212397 0.769306 0.000000 0.004064 0.010903 0.000000 0.000023 0.000011 0.000055 0.000000 0.000000 0.000016 0.000000 0.000000 0.000000 0.000578 0.000319 0.000000 0.000000 0.000000 0.000021 0.000135 0.000103 
0.004427 0.213747 0.768415 0.000002 0.003472 0.008867 0.000000 0.000017 0.000016 0.000063 0.000000 0.000000 0.000010 0.000000 0.000000 0.000000 0.000411 0.000275 0.000000 0.000000 0.000000 0.000014 0.000142 0.000120 
0.010018 0.102200 0.877893 0.000007 0.001264 0.007731 0.000000 0.000012 0.000056 0.000090 0.000000 0.000000 0.000003 0.000001 0.000000 0.000000 0.000341 0.000182 0.000000 0.000000 0.000000 0.000003 0.000129 0.000068 
0.005378 0.077040 0.905355 0.000002 0.001083 0.010095 0.000000 0.000019 0.000044 0.000067 0.000000 0.000000 0.000005 0.000000 0.000000 0.000000 0.000535 0.000186 0.000000 0.000000 0.000000 0.000004 0.000136 0.000051 
0.000987 0.158995 0.821797 0.000000 0.003405 0.013411 0.000000 0.000030 0.000014 0.000059 0.000000 0.000000 0.000018 0.000000 0.000000 0.000000 0.000791 0.000281 0.000000 0.000000 0.000000 0.000022 0.000122 0.000069 
0.006525 0.016202 0.965212 0.000001 0.000179 0.010711 0.000000 0.000015 0.000102 0.000048 0.000000 0.000000 0.000001 0.000003 0.000000 0.000000 0.000718 0.000169 0.000000 0.000000 0.000000 0.000001 0.000102 0.000012 
0.003261 0.010696 0.971003 0.000000 0.000147 0.013460 0.000000 0.000021 0.000123 0.000036 0.000000 0.000000 0.000001 0.000001 0.000000 0.000000 0.001002 0.000145 0.000000 0.000000 0.000000 0.000001 0.000095 0.000008 
0.004305 0.032186 0.950040 0.000001 0.000447 0.011809 0.000000 0.000021 0.000072 0.000052 0.000000 0.000000 0.000003 0.000001 0.000000 0.000000 0.000752 0.000168 0.000000 0.000000 0.000000 0.000002 0.000118 0.000022 
