0.948455 0.033615 0.004732 0.006139 0.007058 
0.159013 0.235118 0.198139 0.404925 0.002804 
0.240875 0.692139 0.004535 0.058100 0.004351 
0.551521 0.300765 0.068998 0.065036 0.013679 
0.408004 0.432271 0.007208 0.022129 0.130387 
0.083559 0.824820 0.061707 0.021140 0.008774 
0.866512 0.054450 0.011931 0.066863 0.000245 
0.213888 0.676936 0.002094 0.040448 0.066634 
0.618049 0.175687 0.001562 0.007275 0.197427 
0.420309 0.069526 0.088619 0.036910 0.384637 
0.350177 0.317222 0.060350 0.001316 0.270935 
0.255240 0.141365 0.017364 0.103136 0.482894 
0.197110 0.386674 0.019617 0.170942 0.225658 
0.728304 0.099978 0.033574 0.135857 0.002287 
0.664387 0.041544 0.027459 0.266360 0.000251 
0.634407 0.024204 0.054627 0.282197 0.004565 
0.760895 0.055330 0.051129 0.132588 0.000058 
0.628498 0.189599 0.062521 0.083779 0.035603 
0.647412 0.143513 0.098023 0.090113 0.020939 
0.425078 0.362614 0.143346 0.058792 0.010170 
0.576051 0.100674 0.168730 0.116456 0.038088 
0.656559 0.003383 0.096929 0.236175 0.006954 
0.761975 0.058517 0.007196 0.078047 0.094265 
0.740563 0.023862 0.098720 0.135858 0.000997 
0.630673 0.221414 0.002809 0.140269 0.004835 
0.872856 0.000350 0.000311 0.109409 0.017073 
0.231709 0.556329 0.044963 0.141530 0.025470 
0.549949 0.102162 0.000007 0.338726 0.009155 
0.040885 0.849644 0.002613 0.106795 0.000063 
0.834735 0.128803 0.027215 0.007434 0.001812 
0.688019 0.031777 0.070049 0.122434 0.087721 
0.459243 0.514550 0.011057 0.004308 0.010842 
0.850777 0.052890 0.081587 0.009118 0.005628 
0.260052 0.266771 0.007730 0.319861 0.145586 
0.643798 0.148502 0.195807 0.002282 0.009611 
0.075805 0.741976 0.088490 0.090407 0.003322 
0.918294 0.000560 0.010246 0.067546 0.003354 
0.096104 0.817847 0.071647 0.014122 0.000280 
0.201674 0.632467 0.085134 0.002353 0.078373 
0.051474 0.795824 0.005294 0.076409 0.070999 
0.040232 0.431651 0.183514 0.338245 0.006357 
0.868838 0.082140 0.014571 0.007677 0.026775 
0.027606 0.867322 0.017931 0.081006 0.006134 
0.003208 0.796214 0.075027 0.002097 0.123453 
0.670767 0.307745 0.000181 0.018165 0.003142 
0.000303 0.864293 0.007440 0.127826 0.000138 
0.005910 0.031817 0.144681 0.786172 0.031421 
0.784846 0.036153 0.007337 0.108183 0.063481 
0.762438 0.020340 0.011001 0.095789 0.110432 
0.780414 0.059166 0.051307 0.086588 0.022525 
0.438705 0.370622 0.018057 0.159550 0.013067 
0.505931 0.000364 0.132525 0.321653 0.039527 
0.008608 0.811909 0.039432 0.139822 0.000229 
0.888045 0.083724 0.000814 0.013017 0.014400 
0.004614 0.243361 0.547957 0.026093 0.177975 
0.462147 0.031601 0.267544 0.005200 0.233508 
0.106595 0.349925 0.200862 0.158728 0.183890 
0.000096 0.829138 0.001614 0.107862 0.061289 
0.068018 0.214802 0.440635 0.049962 0.226582 
0.000037 0.337435 0.129807 0.488924 0.043797 
0.729229 0.104436 0.048491 0.029087 0.088758 
0.622292 0.272069 0.072685 0.020548 0.012406 
0.009932 0.735396 0.081324 0.109188 0.064160 
0.222785 0.361291 0.059230 0.299406 0.057288 
0.300106 0.511593 0.083983 0.102869 0.001450 
0.027156 0.870371 0.006908 0.041006 0.054558 
0.177591 0.646729 0.008098 0.159919 0.007663 
0.467388 0.021735 0.327219 0.103326 0.080332 
0.297559 0.288614 0.326397 0.087425 0.000006 
0.251692 0.537186 0.108308 0.048322 0.054492 
0.458012 0.013908 0.278602 0.218292 0.031186 
0.462380 0.269660 0.001397 0.060296 0.206268 
0.075143 0.527899 0.063262 0.257806 0.075890 
0.658154 0.098138 0.218028 0.007745 0.017936 
0.220818 0.472734 0.206059 0.001315 0.099074 
0.778758 0.098086 0.065280 0.056180 0.001696 
0.092787 0.558559 0.012639 0.109383 0.226633 
0.077502 0.000356 0.521661 0.242451 0.158031 
0.346233 0.062622 0.220175 0.019712 0.351259 
0.391203 0.167107 0.105638 0.117033 0.219019 
0.010121 0.096231 0.779611 0.096817 0.017221 
0.734089 0.004788 0.010240 0.052511 0.198371 
0.011581 0.409815 0.097949 0.468726 0.011928 
0.001298 0.512063 0.103977 0.368925 0.013737 
0.008090 0.270408 0.450086 0.271242 0.000174 
0.055777 0.181378 0.661373 0.001876 0.099596 
0.135564 0.273230 0.423698 0.100158 0.067351 
0.163913 0.431379 0.110826 0.012057 0.281824 
0.207065 0.351553 0.259855 0.070199 0.111328 
0.490900 0.223895 0.276898 0.006032 0.002275 
0.098563 0.436316 0.019151 0.444789 0.001181 
0.359780 0.386241 0.210283 0.001762 0.041934 
0.293753 0.087223 0.341374 0.277014 0.000637 
0.747366 0.004790 0.000087 0.236484 0.011273 
0.144916 0.415757 0.315280 0.003457 0.120591 
0.276932 0.490702 0.119680 0.012500 0.100186 
0.076677 0.512459 0.270001 0.137378 0.003485 
0.578996 0.322460 0.027534 0.055602 0.015408 
0.015602 0.343757 0.077902 0.559873 0.002867 
0.218452 0.150484 0.620097 0.010936 0.000030 
0.047941 0.537267 0.406024 0.006263 0.002505 
0.001403 0.707156 0.014421 0.110037 0.166983 
0.577990 0.076789 0.020206 0.321638 0.003377 
0.466470 0.099477 0.006814 0.174137 0.253102 
0.075517 0.024250 0.750318 0.134543 0.015372 
0.879898 0.003770 0.000602 0.020903 0.094827 
0.855474 0.011758 0.044445 0.007238 0.081084 
0.250864 0.200098 0.121688 0.176208 0.251142 
0.024243 0.696532 0.124760 0.049818 0.104647 
0.446396 0.171344 0.099256 0.110950 0.172054 
0.004782 0.000000 0.942609 0.000002 0.052606 
0.139536 0.099251 0.618738 0.009113 0.133362 
0.002543 0.055416 0.565792 0.279868 0.096381 
0.147455 0.827485 0.023811 0.000965 0.000284 
0.352468 0.418879 0.002708 0.225931 0.000013 
0.154797 0.378166 0.065603 0.399857 0.001577 
0.240210 0.543357 0.006731 0.207315 0.002387 
0.588024 0.093695 0.268286 0.025372 0.024622 
0.051208 0.186217 0.169284 0.577627 0.015664 
0.288417 0.189949 0.359352 0.020231 0.142051 
0.022029 0.001509 0.033396 0.941558 0.001508 
0.133835 0.112953 0.020989 0.695690 0.036532 
0.851996 0.074218 0.062897 0.003783 0.007106 
0.322577 0.213493 0.045711 0.243013 0.175206 
0.441651 0.221246 0.215025 0.006887 0.115192 
0.026735 0.753653 0.199941 0.016397 0.003275 
0.140258 0.415156 0.140474 0.259622 0.044491 
0.278858 0.160497 0.002474 0.537542 0.020629 
0.000101 0.000075 0.326513 0.512131 0.161181 
0.826036 0.118180 0.028410 0.027163 0.000210 
0.113933 0.479201 0.077567 0.201251 0.128047 
0.572211 0.256225 0.010591 0.149307 0.011666 
0.506672 0.437382 0.009374 0.046462 0.000110 
0.088845 0.124803 0.039777 0.746387 0.000188 
0.121524 0.586167 0.004964 0.039957 0.247388 
0.558876 0.031833 0.160562 0.242095 0.006634 
0.102964 0.532028 0.107021 0.192686 0.065300 
0.295863 0.265333 0.011523 0.301997 0.125283 
0.271986 0.158404 0.125757 0.399513 0.044341 
0.108093 0.222936 0.453775 0.197722 0.017475 
0.371677 0.482711 0.066366 0.067141 0.012105 
0.829730 0.106773 0.002081 0.002869 0.058547 
0.004118 0.216577 0.200656 0.501775 0.076874 
0.179072 0.039567 0.018548 0.111281 0.651532 
0.559370 0.017485 0.244132 0.152415 0.026598 
0.357823 0.024357 0.447423 0.168517 0.001880 
0.001378 0.779427 0.035560 0.149555 0.034080 
0.605799 0.243179 0.139077 0.002957 0.008988 
0.168415 0.734381 0.082770 0.001229 0.013204 
0.681787 0.126913 0.158996 0.031895 0.000409 
0.077107 0.076398 0.253652 0.560134 0.032709 
0.075351 0.642728 0.144711 0.092436 0.044774 
0.356670 0.412289 0.141906 0.075210 0.013925 
0.343015 0.436813 0.217327 0.000075 0.002770 
0.255882 0.139462 0.512139 0.088163 0.004354 
0.198125 0.064614 0.717542 0.018894 0.000826 
0.011813 0.185278 0.444896 0.357720 0.000292 
0.000924 0.118024 0.767634 0.089188 0.024231 
0.494611 0.003913 0.087966 0.410844 0.002666 
0.368699 0.211340 0.000585 0.418865 0.000511 
0.012643 0.200403 0.112537 0.617526 0.056891 
0.363675 0.025088 0.298744 0.312477 0.000017 
0.016574 0.265312 0.442971 0.262594 0.012549 
0.183582 0.264113 0.487042 0.000870 0.064394 
0.007324 0.184395 0.019874 0.263013 0.525394 
0.186502 0.392704 0.272018 0.065470 0.083305 
0.155449 0.294223 0.520502 0.028261 0.001565 
0.091501 0.071665 0.519891 0.316147 0.000797 
0.023743 0.620039 0.176487 0.161011 0.018721 
0.056557 0.020189 0.713812 0.125604 0.083839 
0.000130 0.009524 0.778147 0.019042 0.193157 
0.081476 0.408065 0.002310 0.443442 0.064708 
0.012362 0.092872 0.243245 0.413713 0.237809 
0.089736 0.170734 0.033527 0.705884 0.000118 
0.007045 0.345868 0.270678 0.376389 0.000019 
0.016543 0.629070 0.353426 0.000232 0.000728 
0.096748 0.005895 0.356566 0.538934 0.001857 
0.031427 0.054304 0.033124 0.785061 0.096085 
0.017753 0.001711 0.052486 0.596264 0.331786 
0.155054 0.470569 0.173976 0.159345 0.041055 
0.001164 0.032920 0.019345 0.081000 0.865570 
0.002511 0.357298 0.218818 0.421361 0.000012 
0.004432 0.043254 0.085117 0.014821 0.852376 
0.154716 0.015310 0.005836 0.290705 0.533433 
0.337608 0.036835 0.008000 0.261864 0.355693 
0.377966 0.380670 0.212250 0.029039 0.000075 
0.066491 0.180131 0.450459 0.302103 0.000816 
0.023896 0.212365 0.158221 0.010064 0.595455 
0.114276 0.155470 0.257824 0.445893 0.026538 
0.088679 0.000008 0.000071 0.742452 0.168789 
0.216112 0.042493 0.122979 0.585875 0.032542 
0.639606 0.224763 0.034285 0.082817 0.018529 
0.142604 0.678952 0.015483 0.128583 0.034378 
0.537790 0.378883 0.049372 0.029634 0.004321 
0.378317 0.067947 0.388958 0.159535 0.005242 
0.335367 0.167558 0.403824 0.019658 0.073593 
0.362631 0.103234 0.457913 0.066134 0.010088 
0.309881 0.444245 0.122398 0.095305 0.028170 
0.452178 0.415752 0.040405 0.011399 0.080265 
0.454053 0.040243 0.488082 0.016157 0.001465 
0.326399 0.213898 0.341399 0.115479 0.002825 
0.519306 0.237944 0.111243 0.056663 0.074843 
0.511222 0.098911 0.219664 0.111889 0.058314 
0.443682 0.008127 0.004261 0.540071 0.003859 
0.556048 0.008518 0.242640 0.183116 0.009679 
0.522499 0.168470 0.287561 0.019732 0.001739 
0.067109 0.396560 0.399810 0.135455 0.001066 
0.352317 0.063458 0.005160 0.399800 0.179265 
0.491754 0.131936 0.006174 0.369866 0.000270 
0.022458 0.657145 0.174138 0.137807 0.008453 
0.306314 0.340947 0.231686 0.106065 0.014988 
0.288490 0.189282 0.120496 0.401263 0.000469 
0.189565 0.002261 0.553135 0.006783 0.248256 
0.079057 0.001176 0.683856 0.233297 0.002615 
0.350080 0.541564 0.053954 0.044738 0.009665 
0.357891 0.167444 0.230668 0.039786 0.204210 
0.000234 0.847805 0.024892 0.085065 0.042004 
0.203369 0.629078 0.042794 0.088484 0.036274 
0.237643 0.483009 0.100197 0.132166 0.046985 
0.345941 0.468526 0.051349 0.134185 0.000000 
0.364634 0.453532 0.127283 0.002019 0.052532 
0.378029 0.064359 0.513259 0.040106 0.004248 
0.403468 0.434235 0.042110 0.008537 0.111650 
0.081588 0.108484 0.779713 0.000042 0.030173 
0.129636 0.816385 0.000401 0.040865 0.012712 
0.334591 0.448457 0.113935 0.086728 0.016289 
0.100223 0.837464 0.038904 0.023314 0.000094 
0.252328 0.323664 0.363698 0.002253 0.058056 
0.053015 0.788264 0.092733 0.011214 0.054774 
0.123801 0.009765 0.422446 0.439256 0.004732 
0.124902 0.275505 0.462576 0.126843 0.010173 
0.045166 0.100634 0.726820 0.044312 0.083068 
0.818037 0.071482 0.034026 0.073691 0.002765 
0.001608 0.852488 0.005596 0.091224 0.049084 
0.139486 0.397940 0.033147 0.059198 0.370229 
0.913983 0.009078 0.013716 0.024599 0.038624 
0.000089 0.462426 0.271214 0.258665 0.007606 
0.018850 0.041991 0.823275 0.074424 0.041460 
0.044857 0.737529 0.216516 0.000374 0.000724 
0.046017 0.091888 0.435952 0.382511 0.043632 
0.008918 0.835178 0.078457 0.010986 0.066461 
0.343024 0.044856 0.410694 0.156442 0.044985 
0.091300 0.769836 0.011930 0.068897 0.058038 
0.014867 0.001684 0.700537 0.214911 0.068000 
0.053398 0.673946 0.093888 0.068783 0.109985 
0.554419 0.157954 0.138165 0.054718 0.094743 
0.093026 0.103317 0.797904 0.003057 0.002696 
0.451277 0.002119 0.199130 0.000880 0.346594 
0.480929 0.028540 0.003909 0.115107 0.371514 
0.333443 0.373028 0.004743 0.287761 0.001025 
0.444633 0.155674 0.024726 0.196704 0.178262 
0.022527 0.283943 0.201430 0.016415 0.475685 
0.359782 0.177426 0.006041 0.456317 0.000433 
0.245148 0.359909 0.001607 0.331787 0.061549 
0.097788 0.528579 0.000126 0.031909 0.341597 
0.251960 0.039665 0.138753 0.451374 0.118248 
0.367287 0.083512 0.364020 0.011896 0.173285 
0.383486 0.000274 0.468689 0.088515 0.059036 
0.548762 0.000005 0.002457 0.419481 0.029294 
0.487602 0.385493 0.000124 0.100287 0.026493 
0.778081 0.012359 0.036311 0.164235 0.009014 
0.006898 0.309856 0.283024 0.305800 0.094423 
0.003262 0.925837 0.066253 0.001837 0.002811 
0.000532 0.104936 0.261686 0.529388 0.103458 
0.264194 0.008950 0.547530 0.086895 0.092431 
0.052293 0.898932 0.039105 0.006398 0.003272 
0.100255 0.246605 0.386915 0.254766 0.011458 
0.337644 0.069252 0.114583 0.475211 0.003309 
0.083237 0.352986 0.277072 0.286406 0.000300 
0.004010 0.770415 0.101282 0.106548 0.017745 
0.096505 0.428841 0.100237 0.049462 0.324955 
0.560284 0.020550 0.002199 0.364833 0.052134 
0.083392 0.069383 0.032970 0.738696 0.075558 
0.254838 0.397640 0.027547 0.299083 0.020892 
0.253149 0.211582 0.122345 0.396111 0.016813 
0.297232 0.362009 0.033266 0.005334 0.302159 
0.203796 0.006243 0.000132 0.788641 0.001188 
0.231158 0.072330 0.611545 0.084770 0.000197 
0.248408 0.721823 0.022583 0.000536 0.006650 
0.061584 0.856231 0.016231 0.014339 0.051614 
0.856478 0.057595 0.038953 0.042474 0.004500 
0.264651 0.000672 0.393063 0.263882 0.077733 
0.034245 0.401707 0.499620 0.000013 0.064415 
0.617944 0.034711 0.152240 0.043825 0.151279 
0.006749 0.450667 0.194542 0.183222 0.164819 
0.036312 0.337528 0.042413 0.548471 0.035276 
0.174420 0.221313 0.137002 0.405594 0.061670 
0.470105 0.044348 0.043001 0.412855 0.029692 
0.208207 0.272477 0.332209 0.175366 0.011742 
0.354279 0.014354 0.521474 0.101518 0.008376 
0.014086 0.003424 0.932928 0.001775 0.047788 
0.028732 0.191774 0.002446 0.776476 0.000572 
0.000899 0.599037 0.007383 0.226890 0.165791 
0.040732 0.000226 0.442205 0.484355 0.032482 
0.012507 0.809412 0.028203 0.149419 0.000458 
0.003160 0.173997 0.747306 0.011935 0.063601 
0.002052 0.022157 0.708031 0.256843 0.010918 
0.000315 0.024373 0.487912 0.253909 0.233492 
0.248739 0.143387 0.574296 0.033084 0.000494 
0.027057 0.430224 0.221673 0.320883 0.000162 
0.426257 0.399360 0.060437 0.112635 0.001312 
0.052000 0.627815 0.189844 0.109547 0.020793 
0.005566 0.007799 0.972876 0.000057 0.013702 
0.401187 0.323453 0.208245 0.033465 0.033650 
0.272504 0.491158 0.054738 0.145168 0.036432 
0.045332 0.533256 0.009765 0.242174 0.169472 
0.001371 0.408277 0.136534 0.103066 0.350752 
0.586831 0.016049 0.346778 0.045378 0.004964 
0.000001 0.698904 0.011964 0.287192 0.001940 
0.024724 0.128706 0.321872 0.508087 0.016611 
0.036640 0.539073 0.114310 0.210896 0.099081 
0.310704 0.044829 0.430097 0.213261 0.001109 
0.001494 0.598892 0.353103 0.006025 0.040485 
0.028767 0.468338 0.210640 0.177195 0.115059 
0.314748 0.452500 0.010910 0.206615 0.015227 
0.165236 0.040187 0.220206 0.488133 0.086238 
0.192428 0.031910 0.042836 0.649832 0.082994 
0.337969 0.048265 0.227543 0.354173 0.032050 
0.023438 0.217954 0.173127 0.229227 0.356254 
0.334738 0.060639 0.028369 0.288413 0.287840 
0.372727 0.107880 0.488086 0.000004 0.031302 
0.112159 0.789053 0.037492 0.037179 0.024117 
0.395906 0.339714 0.235245 0.012408 0.016727 
0.582377 0.086342 0.024424 0.055485 0.251372 
0.739027 0.188594 0.008279 0.036582 0.027518 
0.530064 0.034240 0.383101 0.022334 0.030260 
0.635892 0.070010 0.038133 0.000852 0.255113 
0.005506 0.101340 0.269937 0.112107 0.511111 
0.083141 0.006677 0.225430 0.683946 0.000806 
0.547174 0.264425 0.015451 0.069580 0.103369 
0.264841 0.151419 0.036543 0.159117 0.388080 
0.344056 0.390298 0.034018 0.187869 0.043759 
0.206206 0.434808 0.143780 0.017771 0.197434 
0.029962 0.070707 0.075983 0.815464 0.007883 
0.608601 0.001487 0.004144 0.141790 0.243978 
0.465580 0.047135 0.013473 0.000762 0.473050 
0.680882 0.003569 0.000056 0.223057 0.092436 
0.097601 0.345176 0.225269 0.003803 0.328152 
0.083830 0.611667 0.078906 0.016370 0.209227 
0.721071 0.036321 0.018312 0.210602 0.013695 
0.324254 0.006050 0.252943 0.396818 0.019934 
0.012820 0.850935 0.046737 0.017249 0.072259 
0.001387 0.256535 0.579967 0.139124 0.022986 
0.073011 0.839933 0.013141 0.031661 0.042254 
0.227684 0.009382 0.666449 0.092477 0.004009 
0.404426 0.303154 0.218387 0.071869 0.002164 
0.004617 0.750278 0.221509 0.002837 0.020760 
0.367021 0.013428 0.231361 0.205551 0.182640 
0.138213 0.710324 0.093814 0.044398 0.013251 
0.084274 0.287232 0.007962 0.015756 0.604775 
0.000889 0.483624 0.046795 0.264641 0.204051 
0.042327 0.000002 0.595531 0.293709 0.068431 
0.000022 0.543233 0.031569 0.372116 0.053060 
0.089142 0.610114 0.260884 0.017536 0.022324 
0.005091 0.217637 0.153109 0.621905 0.002258 
0.637302 0.025144 0.135610 0.061813 0.140130 
0.522320 0.187584 0.236661 0.050265 0.003171 
0.024395 0.136432 0.368784 0.412635 0.057755 
0.286084 0.229075 0.037556 0.291967 0.155318 
0.039168 0.369925 0.535409 0.055419 0.000080 
0.037813 0.016789 0.335103 0.562110 0.048186 
0.413159 0.257133 0.196909 0.042036 0.090763 
0.133532 0.546012 0.131821 0.188215 0.000420 
0.322634 0.069458 0.235133 0.371914 0.000861 
0.079377 0.000088 0.769386 0.058478 0.092671 
0.349070 0.277267 0.203565 0.126017 0.044081 
0.078146 0.012084 0.013960 0.592005 0.303805 
0.096304 0.078133 0.002390 0.772607 0.050566 
0.586181 0.079861 0.127774 0.022847 0.183337 
0.660214 0.003349 0.010391 0.098673 0.227373 
0.042534 0.000073 0.001862 0.922182 0.033349 
0.362075 0.463324 0.161688 0.000003 0.012910 
0.223200 0.341647 0.063065 0.261363 0.110725 
0.480705 0.056501 0.014316 0.049364 0.399114 
0.009547 0.161459 0.613799 0.161932 0.053264 
0.054988 0.064508 0.780786 0.021591 0.078127 
0.587331 0.048947 0.143898 0.078941 0.140883 
0.823904 0.007950 0.032321 0.034751 0.101074 
0.456324 0.432621 0.018289 0.088210 0.004556 
0.143843 0.076033 0.713118 0.064598 0.002409 
0.034348 0.378629 0.195274 0.257028 0.134721 
0.046552 0.452759 0.000284 0.393756 0.106648 
0.021171 0.028238 0.230152 0.717715 0.002724 
0.055197 0.225093 0.576949 0.127983 0.014778 
0.022418 0.236379 0.488260 0.232857 0.020086 
0.011282 0.026861 0.083249 0.627746 0.250862 
0.201083 0.047167 0.030456 0.612869 0.108425 
0.582753 0.119418 0.002849 0.294471 0.000508 
0.666262 0.025568 0.009595 0.077208 0.221367 
0.615614 0.182574 0.125591 0.072803 0.003418 
0.427437 0.175700 0.089591 0.305675 0.001596 
0.052033 0.123386 0.035617 0.630582 0.158383 
0.551752 0.124742 0.210539 0.111340 0.001627 
0.015437 0.155323 0.714546 0.114607 0.000087 
0.243618 0.239600 0.459028 0.000321 0.057433 
0.237815 0.140491 0.078825 0.537161 0.005708 
0.006078 0.982575 0.000599 0.005123 0.005625 
0.008624 0.094580 0.356234 0.504987 0.035575 
0.112154 0.024206 0.401862 0.369967 0.091811 
0.008404 0.594214 0.225970 0.000114 0.171297 
0.064263 0.017955 0.570409 0.345927 0.001446 
0.145783 0.124911 0.692002 0.029873 0.007431 
0.474162 0.004308 0.060134 0.130057 0.331340 
0.108952 0.568714 0.026513 0.013977 0.281843 
0.455121 0.004999 0.001400 0.438714 0.099767 
0.269528 0.194538 0.517318 0.000911 0.017704 
0.018019 0.621491 0.004523 0.354090 0.001878 
0.325354 0.263830 0.355588 0.052818 0.002410 
0.259161 0.338003 0.392001 0.010158 0.000678 
0.186807 0.033482 0.356083 0.022117 0.401510 
0.141109 0.429376 0.034445 0.392246 0.002824 
0.168283 0.216036 0.003226 0.557763 0.054691 
0.276626 0.000043 0.239424 0.224231 0.259676 
0.017088 0.252278 0.162076 0.158083 0.410475 
0.143937 0.372180 0.460644 0.021268 0.001972 
0.024394 0.656545 0.058605 0.121429 0.139028 
0.000228 0.104661 0.687346 0.156928 0.050837 
0.141938 0.128627 0.008737 0.479649 0.241049 
0.000001 0.381261 0.009936 0.030404 0.578399 
0.769132 0.013871 0.002741 0.164051 0.050204 
0.017974 0.559082 0.000532 0.407854 0.014558 
0.209363 0.067612 0.137279 0.561648 0.024098 
0.089016 0.635689 0.273818 0.001471 0.000006 
0.841083 0.054121 0.006513 0.061766 0.036517 
0.001006 0.048840 0.838685 0.086617 0.024853 
0.100230 0.353483 0.491193 0.049666 0.005428 
0.087402 0.787529 0.039783 0.026432 0.058854 
0.915206 0.000005 0.001708 0.071884 0.011197 
0.000065 0.232014 0.440414 0.072882 0.254625 
0.071851 0.258954 0.550977 0.118020 0.000198 
0.119871 0.610293 0.079469 0.104550 0.085818 
0.505872 0.069890 0.301452 0.041738 0.081047 
0.078115 0.084607 0.812789 0.004753 0.019736 
0.001520 0.654332 0.232547 0.032930 0.078671 
0.440839 0.272628 0.005216 0.024746 0.256570 
0.265591 0.127474 0.597423 0.005462 0.004050 
0.033249 0.511988 0.374115 0.067221 0.013427 
0.311222 0.178622 0.017196 0.492695 0.000265 
0.013591 0.551981 0.284400 0.137424 0.012603 
0.723651 0.122101 0.033312 0.012993 0.107943 
0.415745 0.340430 0.001798 0.229078 0.012949 
0.254815 0.693300 0.002951 0.002855 0.046079 
0.000563 0.317524 0.504450 0.169312 0.008152 
0.039869 0.579777 0.323375 0.054039 0.002940 
0.203677 0.655948 0.001034 0.103017 0.036324 
0.089730 0.694294 0.147751 0.000474 0.067751 
0.020962 0.282272 0.423628 0.272944 0.000193 
0.246857 0.231213 0.291278 0.228990 0.001662 
0.369487 0.549223 0.076031 0.001027 0.004231 
0.155247 0.000065 0.500831 0.334836 0.009021 
0.000642 0.332179 0.172416 0.486386 0.008378 
0.635846 0.143572 0.009144 0.121173 0.090264 
0.050969 0.892512 0.007930 0.043940 0.004650 
0.128825 0.735140 0.012673 0.071837 0.051526 
0.826447 0.042355 0.058290 0.034164 0.038744 
0.167132 0.508292 0.081880 0.172562 0.070133 
0.121799 0.408491 0.188024 0.263503 0.018183 
0.589452 0.176736 0.005738 0.167385 0.060689 
0.526912 0.147278 0.265525 0.001371 0.058913 
0.153677 0.798623 0.008009 0.013236 0.026455 
0.537998 0.166339 0.254924 0.040736 0.000003 
0.514766 0.237274 0.003663 0.226804 0.017493 
0.434545 0.003313 0.246791 0.276608 0.038743 
0.739836 0.071584 0.048663 0.106467 0.033450 
0.247762 0.194427 0.388221 0.168361 0.001229 
0.003235 0.260818 0.046026 0.579365 0.110557 
0.186148 0.725224 0.013885 0.046271 0.028472 
0.579671 0.200463 0.024843 0.110019 0.085003 
0.234681 0.059759 0.371732 0.021641 0.312187 
0.006636 0.833618 0.024646 0.130718 0.004382 
0.483000 0.059660 0.175372 0.281954 0.000014 
0.503244 0.329834 0.056667 0.019625 0.090630 
0.039046 0.428418 0.462556 0.053035 0.016946 
0.168488 0.363979 0.037765 0.427616 0.002152 
0.549300 0.020602 0.217454 0.209507 0.003138 
0.735131 0.230189 0.031351 0.002236 0.001093 
0.186561 0.563358 0.078163 0.040597 0.131321 
0.288133 0.293984 0.281975 0.107124 0.028784 
0.734638 0.000467 0.185218 0.074698 0.004980 
0.078813 0.659559 0.074826 0.169536 0.017265 
0.247138 0.453395 0.156721 0.124100 0.018646 
0.103346 0.064316 0.792898 0.032547 0.006892 
0.553421 0.218547 0.016799 0.155453 0.055780 
0.006760 0.287885 0.421232 0.036389 0.247734 
0.387618 0.395136 0.185872 0.003987 0.027387 
0.452445 0.314164 0.058468 0.031285 0.143638 
0.237853 0.295582 0.293474 0.169976 0.003115 
0.336315 0.019633 0.049818 0.592764 0.001471 
0.260350 0.048826 0.619992 0.047431 0.023400 
0.256597 0.152148 0.473170 0.102232 0.015854 
0.006633 0.871154 0.097322 0.000576 0.024314 
0.000680 0.497450 0.034924 0.400779 0.066166 
0.125490 0.043902 0.611593 0.127684 0.091331 
0.664735 0.135180 0.163017 0.006687 0.030381 
0.545233 0.104370 0.213285 0.017181 0.119931 
0.154919 0.127948 0.495157 0.186506 0.035471 
0.610702 0.006448 0.224351 0.149347 0.009153 
0.086010 0.358387 0.230585 0.321554 0.003464 
0.098037 0.108171 0.120416 0.640432 0.032944 
0.055499 0.805325 0.067709 0.026774 0.044692 
0.085180 0.826379 0.037581 0.013927 0.036933 
0.324147 0.424399 0.063222 0.174456 0.013776 
0.793307 0.076458 0.078732 0.048031 0.003471 
0.567438 0.133401 0.030809 0.049048 0.219303 
0.682739 0.115000 0.029867 0.090784 0.081611 
0.019936 0.819171 0.022373 0.099520 0.038999 
0.510645 0.155586 0.059136 0.002423 0.272210 
0.436503 0.328869 0.118344 0.111693 0.004591 
0.034170 0.339723 0.179815 0.410559 0.035733 
0.561718 0.062151 0.253333 0.088989 0.033808 
0.154698 0.096730 0.429851 0.307490 0.011232 
0.372859 0.218674 0.372370 0.029589 0.006509 
0.188264 0.309604 0.078986 0.041830 0.381316 
0.151657 0.043801 0.630821 0.171546 0.002175 
0.443133 0.023219 0.308464 0.221867 0.003317 
0.465084 0.138705 0.386403 0.009753 0.000055 
0.020076 0.740545 0.022720 0.190289 0.026371 
0.333594 0.523033 0.000895 0.142465 0.000012 
0.170871 0.629523 0.064403 0.023624 0.111580 
0.333427 0.483121 0.001056 0.009136 0.173260 
0.016792 0.928421 0.000433 0.031305 0.023050 
0.500219 0.234349 0.047440 0.002599 0.215393 
0.303038 0.267288 0.209497 0.220134 0.000042 
0.582951 0.076683 0.046764 0.210525 0.083078 
0.669626 0.059433 0.000620 0.079764 0.190557 
0.081314 0.805572 0.020339 0.008135 0.084640 
0.614835 0.003514 0.014439 0.205841 0.161371 
0.074530 0.831698 0.071351 0.000625 0.021796 
0.158527 0.001553 0.420329 0.356539 0.063052 
0.715284 0.140232 0.080987 0.008708 0.054789 
0.042656 0.029214 0.356563 0.372778 0.198788 
0.566417 0.245859 0.092031 0.046008 0.049686 
0.061578 0.853954 0.045666 0.038568 0.000234 
0.202934 0.620728 0.003191 0.159480 0.013666 
0.390699 0.534999 0.060338 0.010091 0.003873 
0.388142 0.231269 0.234770 0.145422 0.000396 
0.331236 0.381976 0.269240 0.013914 0.003634 
0.038720 0.128606 0.780563 0.051977 0.000134 
0.375740 0.010898 0.386230 0.221735 0.005397 
0.422470 0.134449 0.065791 0.295552 0.081738 
0.477702 0.331636 0.079657 0.106633 0.004371 
0.376058 0.064706 0.375549 0.023140 0.160547 
0.656595 0.063328 0.011875 0.141166 0.127036 
0.469003 0.081904 0.362059 0.041677 0.045357 
0.319620 0.570850 0.005661 0.085340 0.018530 
0.006181 0.116940 0.458618 0.326641 0.091620 
0.135253 0.729757 0.013806 0.000521 0.120664 
0.046605 0.754501 0.002282 0.067934 0.128678 
0.360196 0.544983 0.001083 0.032334 0.061404 
0.407306 0.429650 0.030945 0.050056 0.082041 
0.435676 0.170390 0.232365 0.018854 0.142715 
0.042211 0.927982 0.000386 0.000662 0.028758 
0.153360 0.105435 0.307016 0.433718 0.000472 
0.036473 0.161652 0.774240 0.021594 0.006041 
0.058838 0.056291 0.371093 0.479158 0.034621 
0.360804 0.492673 0.046442 0.074174 0.025908 
0.735674 0.081398 0.125364 0.051986 0.005578 
0.329173 0.492214 0.069428 0.109079 0.000107 
0.354401 0.001378 0.351928 0.292291 0.000003 
0.461741 0.197111 0.215344 0.124683 0.001121 
0.498244 0.293385 0.056413 0.021949 0.130009 
0.444392 0.046740 0.321255 0.162649 0.024963 
0.624602 0.032728 0.176405 0.166124 0.000141 
0.416110 0.479920 0.000060 0.018576 0.085334 
0.200697 0.400496 0.326942 0.017775 0.054089 
0.243089 0.592828 0.152882 0.003043 0.008159 
0.170751 0.675579 0.058990 0.040092 0.054588 
0.096416 0.608263 0.000057 0.074933 0.220331 
0.087906 0.743361 0.073692 0.091841 0.003200 
0.008456 0.000363 0.073211 0.667485 0.250485 
0.032688 0.616107 0.266987 0.020295 0.063924 
0.898943 0.007205 0.026284 0.002176 0.065391 
0.026610 0.430460 0.489453 0.013354 0.040124 
0.082605 0.184983 0.020884 0.115947 0.595581 
0.082441 0.816831 0.067924 0.014437 0.018366 
0.020437 0.977870 0.000048 0.001586 0.000059 
0.252989 0.094356 0.003833 0.616744 0.032078 
0.229455 0.676276 0.001753 0.090837 0.001679 
0.000377 0.873849 0.069024 0.035959 0.020791 
0.164661 0.517945 0.068341 0.230888 0.018165 
0.069979 0.773120 0.048144 0.053517 0.055241 
0.038914 0.940744 0.018951 0.001167 0.000223 
0.007599 0.056995 0.644681 0.220015 0.070711 
0.027738 0.078273 0.820805 0.000022 0.073162 
0.263342 0.446255 0.010057 0.000810 0.279536 
0.005402 0.918295 0.000742 0.036606 0.038955 
0.011202 0.069681 0.516374 0.259704 0.143039 
0.400871 0.003816 0.453759 0.134589 0.006965 
0.000112 0.551569 0.092118 0.040653 0.315547 
0.000461 0.010430 0.912649 0.010657 0.065803 
0.083422 0.023271 0.870576 0.014897 0.007835 
0.000044 0.036843 0.841291 0.104030 0.017791 
0.078110 0.156505 0.526665 0.098431 0.140290 
0.000004 0.147148 0.415759 0.332337 0.104752 
0.025296 0.414097 0.225827 0.218777 0.116003 
0.202313 0.000260 0.033354 0.060201 0.703873 
0.278613 0.310805 0.009146 0.175765 0.225671 
0.293232 0.054019 0.142001 0.173216 0.337532 
0.891748 0.005851 0.058142 0.039221 0.005038 
0.164599 0.000513 0.499102 0.045681 0.290105 
0.205467 0.084673 0.261256 0.164526 0.284077 
0.301050 0.369036 0.034054 0.000016 0.295845 
0.151545 0.610622 0.005024 0.012457 0.220351 
0.140375 0.147691 0.021411 0.474300 0.216223 
0.387731 0.037205 0.111609 0.458292 0.005163 
0.851295 0.023453 0.094507 0.028089 0.002656 
0.044374 0.028244 0.629802 0.288742 0.008838 
0.010697 0.111898 0.615248 0.005439 0.256718 
0.000036 0.012062 0.823261 0.076811 0.087829 
0.590586 0.113838 0.070132 0.206649 0.018795 
0.029534 0.838164 0.069791 0.060341 0.002168 
0.019645 0.255306 0.042087 0.650765 0.032196 
0.122660 0.014966 0.824859 0.015285 0.022230 
0.173921 0.086689 0.594556 0.024775 0.120059 
0.407088 0.088603 0.003903 0.012677 0.487729 
0.133108 0.007955 0.340984 0.392970 0.124983 
0.259850 0.254974 0.356174 0.127831 0.001171 
0.192063 0.184737 0.279495 0.343514 0.000190 
0.165275 0.610476 0.042036 0.024335 0.157879 
0.001526 0.690671 0.023503 0.190353 0.093947 
0.055738 0.463137 0.303853 0.176754 0.000518 
0.693417 0.000374 0.000870 0.023507 0.281832 
0.228836 0.025956 0.706782 0.030435 0.007992 
0.053317 0.626683 0.002560 0.056083 0.261357 
0.068761 0.347573 0.268895 0.314770 0.000001 
0.179300 0.247126 0.336388 0.027963 0.209224 
0.023346 0.520893 0.196766 0.217579 0.041416 
0.429666 0.139786 0.072833 0.351825 0.005891 
0.786584 0.001012 0.175874 0.026184 0.010346 
0.166272 0.492456 0.261451 0.011863 0.067958 
0.171070 0.001028 0.022625 0.363974 0.441302 
0.179995 0.023897 0.277438 0.473053 0.045617 
0.006961 0.391956 0.079004 0.071422 0.450657 
0.571697 0.355883 0.005629 0.054518 0.012273 
0.029000 0.807681 0.067351 0.095420 0.000549 
0.053639 0.820909 0.034803 0.015314 0.075334 
0.371494 0.071389 0.118014 0.291170 0.147933 
0.134916 0.284683 0.345786 0.017441 0.217174 
0.262957 0.008663 0.640549 0.069353 0.018478 
0.395960 0.028004 0.096928 0.476621 0.002487 
0.058531 0.610735 0.285127 0.015744 0.029864 
0.000395 0.361153 0.538042 0.066274 0.034136 
0.501147 0.179066 0.114870 0.028118 0.176800 
0.034015 0.033472 0.312985 0.508958 0.110570 
0.194802 0.071219 0.008756 0.712430 0.012793 
0.062269 0.489339 0.308009 0.138791 0.001592 
0.002590 0.002376 0.656119 0.335567 0.003347 
0.410123 0.336397 0.208939 0.044283 0.000258 
0.320739 0.000131 0.474459 0.203304 0.001367 
0.307253 0.047188 0.271861 0.362687 0.011011 
0.007612 0.930448 0.009657 0.051818 0.000466 
0.111354 0.034221 0.638772 0.129340 0.086313 
0.207929 0.071718 0.119318 0.595827 0.005208 
0.004885 0.788465 0.184079 0.005077 0.017494 
0.526563 0.166359 0.022752 0.143377 0.140949 
0.252973 0.063907 0.016549 0.666099 0.000471 
0.116209 0.182711 0.041217 0.619737 0.040126 
0.026881 0.033632 0.850641 0.024210 0.064636 
0.171469 0.334645 0.003234 0.450541 0.040111 
0.017394 0.000037 0.741158 0.235212 0.006199 
0.077081 0.391729 0.334731 0.183236 0.013223 
0.095745 0.204883 0.672597 0.026057 0.000718 
0.061517 0.545259 0.075448 0.317525 0.000252 
0.080989 0.150284 0.626336 0.138280 0.004111 
0.059580 0.189468 0.031334 0.684922 0.034696 
0.001481 0.319719 0.463590 0.179800 0.035409 
0.063730 0.395339 0.080776 0.275801 0.184354 
0.014626 0.525402 0.126810 0.145675 0.187488 
0.191740 0.092657 0.011899 0.369911 0.333794 
0.012643 0.001040 0.179607 0.788440 0.018270 
0.032398 0.366947 0.015167 0.461838 0.123650 
0.321481 0.009051 0.556662 0.076962 0.035844 
0.046321 0.069302 0.830209 0.037603 0.016565 
0.026969 0.735304 0.012875 0.223835 0.001017 
0.107115 0.049160 0.793484 0.000880 0.049361 
0.199558 0.638733 0.000136 0.157221 0.004352 
0.020487 0.417986 0.128618 0.349706 0.083202 
0.082020 0.024447 0.834989 0.002878 0.055666 
0.001627 0.196452 0.489473 0.175618 0.136830 
0.017052 0.667071 0.133588 0.173157 0.009132 
0.262145 0.357328 0.372845 0.005914 0.001768 
0.313119 0.558665 0.006953 0.000298 0.120966 
0.006618 0.685334 0.051036 0.122859 0.134153 
0.021467 0.544586 0.224617 0.147086 0.062244 
0.052543 0.261260 0.046097 0.066977 0.573124 
0.198073 0.720670 0.048645 0.000774 0.031838 
0.215211 0.480015 0.087490 0.046364 0.170919 
0.077636 0.548740 0.026046 0.295312 0.052266 
0.071193 0.405431 0.287814 0.034052 0.201510 
0.281028 0.008114 0.338740 0.256850 0.115268 
0.153508 0.377840 0.001394 0.467227 0.000032 
0.629277 0.036461 0.015867 0.034674 0.283722 
0.290262 0.002384 0.539869 0.083360 0.084125 
0.047384 0.747172 0.036837 0.084037 0.084571 
0.483792 0.209838 0.057163 0.232397 0.016810 
0.528789 0.005570 0.154094 0.015589 0.295958 
0.001623 0.032829 0.411165 0.509729 0.044654 
0.305756 0.057649 0.347572 0.000181 0.288842 
0.168319 0.130306 0.546430 0.000360 0.154584 
0.233708 0.253407 0.011016 0.490195 0.011674 
0.191788 0.606806 0.082591 0.023904 0.094911 
0.053404 0.731656 0.199964 0.012768 0.002208 
0.286323 0.012825 0.205668 0.021593 0.473590 
0.000159 0.224474 0.623094 0.125425 0.026848 
0.033251 0.063864 0.068370 0.775727 0.058788 
0.400601 0.025948 0.088757 0.019236 0.465458 
0.001835 0.007070 0.875565 0.114979 0.000551 
0.206157 0.570433 0.172647 0.030896 0.019868 
0.063008 0.196136 0.446872 0.042054 0.251930 
0.034924 0.758890 0.001283 0.204785 0.000118 
0.000543 0.179627 0.655369 0.155172 0.009288 
0.655506 0.214374 0.119159 0.010652 0.000309 
0.124565 0.637521 0.184378 0.042586 0.010950 
0.233466 0.093675 0.243527 0.340327 0.089005 
0.543446 0.172388 0.057493 0.124722 0.101951 
0.166972 0.045428 0.417111 0.370147 0.000343 
0.000409 0.293782 0.610189 0.039292 0.056329 
0.001949 0.004883 0.060308 0.702561 0.230298 
0.615031 0.085355 0.198774 0.034115 0.066726 
0.626011 0.289311 0.034234 0.007788 0.042656 
0.000037 0.449484 0.286817 0.247701 0.015962 
0.029183 0.169107 0.779779 0.000132 0.021799 
0.316170 0.318839 0.158081 0.173584 0.033326 
0.005862 0.515323 0.344907 0.011113 0.122795 
0.198569 0.373014 0.224750 0.162528 0.041138 
0.031833 0.000762 0.377350 0.543698 0.046357 
0.069400 0.001261 0.330515 0.585270 0.013555 
0.001724 0.232809 0.055598 0.705077 0.004793 
0.280955 0.270612 0.300826 0.056825 0.090783 
0.555149 0.340653 0.000277 0.102558 0.001362 
0.170135 0.527713 0.284738 0.010577 0.006837 
0.547331 0.000381 0.161906 0.084691 0.205691 
0.000301 0.416215 0.414180 0.125037 0.044267 
0.000055 0.344012 0.001062 0.352579 0.302292 
0.074005 0.099684 0.197097 0.609785 0.019428 
0.073016 0.800115 0.027798 0.093775 0.005296 
0.034479 0.029655 0.491336 0.349658 0.094873 
0.221638 0.292887 0.088631 0.146989 0.249855 
0.220938 0.265827 0.387895 0.088111 0.037230 
0.021467 0.887828 0.051016 0.036144 0.003545 
0.042599 0.000374 0.532225 0.005503 0.419298 
0.332503 0.012753 0.339624 0.313261 0.001859 
0.013989 0.859907 0.041989 0.057873 0.026241 
0.525235 0.005217 0.143802 0.055657 0.270088 
0.165688 0.111124 0.566359 0.000018 0.156811 
0.075135 0.580132 0.221408 0.026551 0.096773 
0.012330 0.469514 0.038908 0.171225 0.308023 
0.154145 0.035806 0.100120 0.708793 0.001135 
0.042266 0.628450 0.128754 0.039899 0.160630 
0.000877 0.920027 0.061593 0.011806 0.005698 
0.187758 0.291113 0.495255 0.006801 0.019074 
0.060276 0.661344 0.129121 0.020959 0.128300 
0.065581 0.334825 0.338563 0.218720 0.042310 
0.285311 0.132620 0.244024 0.186441 0.151606 
0.540227 0.127315 0.057022 0.248614 0.026821 
0.017709 0.145073 0.239516 0.537575 0.060126 
0.225776 0.294012 0.460006 0.014422 0.005783 
0.613167 0.175844 0.001097 0.005694 0.204198 
0.388189 0.029616 0.120055 0.172052 0.290089 
0.803022 0.091819 0.070454 0.033767 0.000937 
0.041292 0.376519 0.071348 0.048869 0.461971 
0.400181 0.032232 0.103139 0.461068 0.003380 
0.476665 0.000003 0.083829 0.198559 0.240944 
0.005210 0.680388 0.293081 0.009735 0.011585 
0.106198 0.668707 0.002085 0.156280 0.066731 
0.592361 0.008766 0.191968 0.000639 0.206265 
0.048292 0.026151 0.901887 0.023666 0.000004 
0.082223 0.030078 0.334506 0.437517 0.115676 
0.379495 0.024359 0.000021 0.592520 0.003606 
0.044685 0.527235 0.121514 0.296233 0.010333 
0.000309 0.031552 0.107649 0.569558 0.290932 
0.295895 0.134600 0.110233 0.458911 0.000361 
0.056076 0.376769 0.111094 0.096273 0.359788 
0.145671 0.189566 0.034094 0.603243 0.027427 
0.042992 0.557684 0.000975 0.379089 0.019261 
0.374828 0.003719 0.428803 0.031061 0.161589 
0.032394 0.085734 0.669784 0.211584 0.000504 
0.594848 0.014412 0.109010 0.018762 0.262968 
0.142733 0.409510 0.002284 0.351077 0.094396 
0.084893 0.033041 0.517841 0.066451 0.297775 
0.237037 0.064875 0.341334 0.355057 0.001697 
0.035193 0.074111 0.810430 0.017864 0.062402 
0.304085 0.173787 0.088820 0.396143 0.037165 
0.008221 0.000684 0.105857 0.885022 0.000215 
0.149661 0.159677 0.315942 0.226810 0.147911 
0.116370 0.160224 0.002988 0.624456 0.095961 
0.128921 0.002619 0.831604 0.015397 0.021459 
0.225674 0.096727 0.003785 0.353649 0.320166 
0.003984 0.762032 0.013849 0.009778 0.210357 
0.010255 0.440834 0.248468 0.030890 0.269552 
0.006873 0.321531 0.432015 0.237026 0.002555 
0.074530 0.590085 0.025059 0.012337 0.297989 
0.125337 0.185099 0.472346 0.206844 0.010375 
0.831220 0.000448 0.075619 0.085756 0.006958 
0.332934 0.189400 0.000533 0.193492 0.283640 
0.034619 0.392106 0.010952 0.459846 0.102477 
0.009062 0.000255 0.562775 0.337982 0.089925 
0.053450 0.231693 0.634858 0.057559 0.022439 
0.001930 0.442843 0.098306 0.247121 0.209800 
0.001686 0.089240 0.415007 0.486959 0.007108 
0.079968 0.718491 0.033100 0.166707 0.001735 
0.212382 0.146873 0.255680 0.380585 0.004480 
0.000307 0.000871 0.421847 0.466544 0.110431 
0.459228 0.048910 0.380944 0.101194 0.009725 
0.021211 0.149366 0.755470 0.067008 0.006945 
0.025903 0.003444 0.286887 0.660682 0.023084 
0.000269 0.138258 0.725409 0.001167 0.134897 
0.178072 0.007831 0.466477 0.324111 0.023509 
0.159855 0.025565 0.111788 0.688099 0.014693 
0.169567 0.011002 0.311331 0.507833 0.000267 
0.039787 0.060053 0.855606 0.044356 0.000199 
0.026659 0.629034 0.310726 0.005860 0.027722 
0.157719 0.096057 0.059943 0.684740 0.001541 
0.005804 0.979734 0.009533 0.002289 0.002640 
0.000624 0.382559 0.058169 0.113426 0.445221 
0.293036 0.034060 0.213006 0.050053 0.409845 
0.332541 0.177169 0.095787 0.201861 0.192642 
0.001175 0.696035 0.222233 0.015771 0.064787 
0.009722 0.298641 0.226084 0.107191 0.358363 
0.038655 0.033155 0.000003 0.672925 0.255263 
0.049342 0.347123 0.011971 0.415294 0.176269 
0.132673 0.194385 0.355250 0.281868 0.035824 
0.035143 0.344992 0.030126 0.579897 0.009842 
0.565571 0.022609 0.234377 0.140326 0.037117 
0.165909 0.303295 0.098786 0.380237 0.051773 
0.095253 0.372427 0.174312 0.234251 0.123757 
0.029583 0.011879 0.278416 0.600129 0.079993 
0.197320 0.544953 0.020760 0.000890 0.236077 
0.013150 0.265553 0.691728 0.029524 0.000045 
0.133026 0.117096 0.564572 0.171931 0.013374 
0.258813 0.041601 0.695421 0.000978 0.003187 
0.413150 0.205182 0.375205 0.006421 0.000041 
0.093011 0.092549 0.013104 0.772041 0.029295 
0.094938 0.436897 0.180712 0.127081 0.160372 
0.011765 0.497082 0.420540 0.070594 0.000019 
0.195729 0.487088 0.114898 0.034002 0.168284 
0.063490 0.529816 0.355786 0.027989 0.022918 
0.036033 0.140318 0.695632 0.014616 0.113401 
0.008960 0.208627 0.387809 0.165176 0.229429 
0.003009 0.718797 0.024629 0.222850 0.030714 
0.039946 0.583676 0.090269 0.017813 0.268295 
0.138092 0.509436 0.008843 0.328459 0.015170 
0.011050 0.924217 0.001123 0.041275 0.022334 
0.128368 0.560254 0.075180 0.005059 0.231138 
0.137364 0.467755 0.152888 0.024782 0.217211 
0.013919 0.776016 0.076969 0.049029 0.084066 
0.296564 0.366035 0.105320 0.006240 0.225840 
0.196716 0.424871 0.314486 0.063919 0.000008 
0.019702 0.732359 0.112208 0.072386 0.063345 
0.112339 0.001480 0.854988 0.000000 0.031192 
0.497925 0.349452 0.028322 0.000906 0.123395 
0.040977 0.397097 0.390079 0.075421 0.096427 
0.250364 0.038887 0.143636 0.565213 0.001900 
0.447463 0.008110 0.088223 0.434946 0.021259 
0.019379 0.429643 0.201494 0.139950 0.209533 
0.602754 0.108178 0.066941 0.199982 0.022145 
0.625328 0.059305 0.182166 0.062239 0.070962 
0.085377 0.753413 0.076616 0.041326 0.043267 
0.059990 0.068704 0.000163 0.859055 0.012089 
0.095108 0.705743 0.014418 0.000002 0.184729 
0.189793 0.336089 0.084438 0.388276 0.001403 
0.313978 0.061878 0.458251 0.085433 0.080460 
0.051151 0.264278 0.311640 0.079420 0.293512 
0.085012 0.130986 0.776558 0.007360 0.000084 
0.545178 0.029453 0.151850 0.256121 0.017398 
0.096759 0.766367 0.017724 0.113332 0.005818 
0.561318 0.042723 0.181360 0.201900 0.012699 
0.177404 0.766922 0.000545 0.041096 0.014033 
0.213582 0.282996 0.459319 0.007211 0.036892 
